      Assignment         w1         w2   Data Height 

              ?-?    125.269      8.221       301811 
              ?-?    114.295      7.686      1448568 
           M5N-HN    122.293      8.148      3767457 
           S6N-HN    122.081      9.731      3049449 
           Q7N-HN    121.473      8.977      2608600 
           L8N-HN    122.641      8.772      4417672 
           E9N-HN    119.677      8.173      2951692 
          R10N-HN    118.430      8.358      2664632 
          N11N-HN    120.614      8.613      5184862 
          I12N-HN    121.061      8.505      4295674 
          E13N-HN    120.456      8.666      5044083 
          T14N-HN    114.651      8.089      4949110 
          I15N-HN    126.154      7.999      6454130 
          I16N-HN    121.611      8.103      5107095 
          N17N-HN    119.022      8.670      9502732 
          T18N-HN    119.976      8.669      3495056 
          F19N-HN    122.449      8.502      5300726 
          H20N-HN    117.343      8.076      4206012 
          Q21N-HN    120.934      8.053      8080741 
          Y22N-HN    113.854      7.121      4604427 
          S23N-HN    115.198      8.640      3750080 
          V24N-HN    117.226      7.140      6276370 
          K25N-HN    122.974      7.240      6461103 
          L26N-HN    118.299      9.849      5635836 
          D30N-HN    121.114     10.390       418636 
          T31N-HN    106.703      7.418      3476857 
          L32N-HN    125.140      9.416      2679028 
          N33N-HN    125.155     10.156      1800913 
          Q34N-HN    119.022      8.670      9502732 
          G35N-HN    107.619      8.073      4159771 
          E36N-HN    124.203      8.467      4203806 
          F37N-HN    118.249      8.647      4396375 
          K38N-HN    117.734      8.577      3450408 
          E39N-HN    119.408      7.465      9337826 
          L40N-HN    122.081      7.279      5708928 
          V41N-HN    118.469      8.091      5295762 
          R42N-HN    117.855      7.782      4000631 
          K43N-HN    116.858      7.929     11775667 
          D44N-HN    116.906      8.391      5503722 
          L45N-HN    123.036      7.116       194042 
          Q46N-HN    117.338      8.470      5394646 
          N47N-HN    117.368      9.953      2833204 
          F48N-HN    122.263      9.261       956202 
          L49N-HN    118.888      7.563      4283458 
          K50N-HN    121.960      6.832      1754373 
          K51N-HN    119.323      8.499      1896053 
          E52N-HN    123.170      9.693      1013883 
          N53N-HN    114.039      8.013      3226604 
          K54N-HN    116.578      7.368      1985358 
          N55N-HN    118.309      7.723      5409100 
          K57N-HN    117.244      8.193       -15894 
          V58N-HN    121.511      7.604      5366382 
          I59N-HN    120.107      7.376      2380832 
          E60N-HN    119.510      8.084      3136041 
          H61N-HN    119.836      7.972      4576695 
          I62N-HN    121.824      8.298      4600218 
          M63N-HN    120.180      8.085     10364519 
          E64N-HN    117.027      7.997     10718794 
          D65N-HN    120.180      8.085     10364519 
          L66N-HN    117.669      7.696      5474262 
          D67N-HN    120.004      7.312      7234651 
          T68N-HN    121.126      8.255      6667643 
          N69N-HN    116.567      7.672      3641390 
          A70N-HN    121.172      7.814      3754048 
          D71N-HN    118.663      8.168      5069332 
          K72N-HN    117.442     10.505      1872792 
          Q73N-HN    115.784      7.871      6745400 
          L74N-HN    124.429     10.319      3144648 
          S75N-HN    120.678      8.937      3113194 
          F76N-HN    124.832      9.474      3114397 
          E77N-HN    116.360      8.923      6612378 
          E78N-HN    119.736      8.573      4345136 
          F79N-HN    117.130      7.259      -270490 
          I80N-HN    113.865      7.975      7482665 
          M81N-HN    116.696      6.582      7727898 
          L82N-HN    123.939      8.339      8581436 
          M83N-HN    112.889      7.696      8495218 
          A84N-HN    116.530      7.410      3807382 
          R85N-HN    117.710      7.214      6642096 
          L86N-HN    118.656      7.109      2862386 
          T87N-HN    112.642      7.653      3324456 
          W88N-HN    123.008      7.545      3316084 
       W88NE1-HE1    129.912     10.021      2433122 
          A89N-HN    124.702      7.915      1336480 
          K93N-HN    122.020      8.113      1037937 
          M94N-HN    121.625      8.157      3454553 
          E96N-HN    123.504      8.246      1938002 
          G97N-HN    110.587      8.420      1811517 
          D98N-HN    121.430      8.421       329918 
          E99N-HN    121.191      8.112       603741 
         G100N-HN    110.700      8.331      3166981 
         G102N-HN    110.253      8.474      1507861 
         G108N-HN    110.253      8.474      1507861 
         L109N-HN    122.391      8.114      5363301 
         G110N-HN    110.721      8.451      2145800 
         E111N-HN    121.091      8.194      3308824 
         G112N-HN    110.587      8.420      1811517 
         T113N-HN    116.305      7.921       583754 
