      Assignment         w1         w2   Data Height 

              ?-?    125.269      8.221       -91886 
              ?-?    114.181      7.680       188424 
           M5N-HN    122.213      8.156      -128152 
           S6N-HN    122.022      9.727       -89595 
           Q7N-HN    121.413      8.977        -1043 
           L8N-HN    122.576      8.771       -39841 
           E9N-HN    119.701      8.206      3640558 
          R10N-HN    118.506      8.394      2333513 
          N11N-HN    120.635      8.649      4547429 
          I12N-HN    121.082      8.544      2700032 
          E13N-HN    120.492      8.702      3070279 
          T14N-HN    114.743      8.127      1473704 
          I15N-HN    126.186      8.038      5576482 
          I16N-HN    121.563      8.137      2950852 
          N17N-HN    118.978      8.711      2428454 
          T18N-HN    119.933      8.698       782567 
          F19N-HN    122.480      8.530      4506620 
          H20N-HN    117.180      8.103      2996596 
          Q21N-HN    121.017      8.079      6317074 
          Y22N-HN    113.862      7.147      3282096 
          S23N-HN    115.229      8.668      3522422 
          V24N-HN    117.308      7.186      7489079 
          K25N-HN    123.005      7.270      7057831 
          L26N-HN    118.202      9.844        85444 
          D30N-HN    121.038     10.372        23165 
          T31N-HN    106.769      7.428      8242373 
          L32N-HN    125.249      9.433      1781625 
          N33N-HN    125.163     10.192      1814504 
          Q34N-HN    119.128      8.651       -40169 
          G35N-HN    107.556      8.072       153878 
          E36N-HN    124.123      8.462       216473 
          F37N-HN    118.288      8.683      4684276 
          K38N-HN    117.818      8.603      4060842 
          E39N-HN    119.473      7.499      7544680 
          L40N-HN    122.123      7.322      4415814 
          V41N-HN    118.516      8.125      3458125 
          R42N-HN    117.891      7.811      5537462 
          K43N-HN    117.124      7.947      3437822 
          D44N-HN    116.988      8.430      2086194 
          L45N-HN    122.775      7.154       121512 
          Q46N-HN    117.190      8.484       833537 
          N47N-HN    117.304      9.947         2905 
          F48N-HN    122.206      9.268       -51463 
          L49N-HN    118.812      7.564        79972 
          K50N-HN    121.935      6.825        71257 
          K51N-HN    119.235      8.504       -53472 
          E52N-HN    123.098      9.694       102232 
          N53N-HN    114.191      8.019        33468 
          K54N-HN    116.535      7.359       100383 
          N55N-HN    118.225      7.723       204648 
          K57N-HN    117.244      8.193        92233 
          V58N-HN    121.446      7.603        35478 
          I59N-HN    120.035      7.415       225099 
          E60N-HN    119.466      8.086         3706 
          H61N-HN    119.753      7.970       104087 
          I62N-HN    121.893      8.342      1272152 
          M63N-HN    120.383      8.030        22457 
          E64N-HN    117.117      8.041      5963791 
          D65N-HN    120.255      8.111      9880921 
          L66N-HN    117.752      7.738      4389179 
          D67N-HN    120.047      7.350      5298623 
          T68N-HN    121.181      8.287      9327637 
          N69N-HN    116.497      7.670        41575 
          A70N-HN    121.106      7.815       -39691 
          D71N-HN    118.741      8.214      7010014 
          K72N-HN    117.567     10.533      2075544 
          Q73N-HN    115.805      7.893      8352004 
          L74N-HN    124.452     10.358      2466712 
          S75N-HN    120.689      8.972      2529563 
          F76N-HN    124.760      9.475       -92770 
          E77N-HN    116.299      8.927        90630 
          E78N-HN    119.842      8.612      3181793 
          F79N-HN    117.130      7.259       -81551 
          I80N-HN    113.819      8.000      3271570 
          M81N-HN    116.746      6.616      4303467 
          L82N-HN    124.073      8.380      4115223 
          M83N-HN    112.915      7.736      4052460 
          A84N-HN    116.467      7.409        17270 
          R85N-HN    117.658      7.240      2707987 
          L86N-HN    118.556      7.114       -23516 
          T87N-HN    112.578      7.670       141474 
          W88N-HN    122.907      7.559       -65143 
       W88NE1-HE1    129.871     10.023        -6198 
          A89N-HN    124.631      7.890         -946 
          K93N-HN    121.939      8.146       278978 
          M94N-HN    121.534      8.199       481846 
          E96N-HN    123.177      8.315       -85513 
          G97N-HN    110.694      8.394        56236 
          D98N-HN    121.430      8.421       197288 
          E99N-HN    121.129      8.160       432117 
         G100N-HN    110.203      8.219        42109 
         G102N-HN    109.566      8.432       101448 
         G108N-HN    110.103      8.466       -44696 
         L109N-HN    122.309      8.119       139511 
         G110N-HN    110.624      8.461        29590 
         E111N-HN    121.009      8.185       216946 
         G112N-HN    110.480      8.411         7652 
         T113N-HN    116.862      7.986       163497 
