      Assignment         w1         w2   Data Height 

              ?-?    125.269      8.221        42526 
              ?-?    114.181      7.680        34715 
           M5N-HN    122.213      8.156       -71896 
           S6N-HN    122.022      9.727       -19157 
           Q7N-HN    121.413      8.977       101823 
           L8N-HN    122.576      8.771       -51105 
           E9N-HN    119.701      8.206       864147 
          R10N-HN    118.506      8.394        -2395 
          N11N-HN    120.635      8.649       741667 
          I12N-HN    121.082      8.544      3592000 
          E13N-HN    120.492      8.702      1182932 
          T14N-HN    114.743      8.127       150513 
          I15N-HN    126.186      8.038      6002179 
          I16N-HN    121.563      8.137      3566184 
          N17N-HN    118.978      8.711      -172388 
          T18N-HN    119.933      8.698        22408 
          F19N-HN    122.480      8.530      5216771 
          H20N-HN    117.180      8.103      1491351 
          Q21N-HN    121.017      8.079      6521764 
          Y22N-HN    113.862      7.147      4031098 
          S23N-HN    115.229      8.668      3357298 
          V24N-HN    117.308      7.186      4041830 
          K25N-HN    123.005      7.270      2141046 
          L26N-HN    118.202      9.844       -13220 
          D30N-HN    121.038     10.372       128065 
          T31N-HN    106.769      7.428      6508638 
          L32N-HN    125.249      9.433      1640140 
          N33N-HN    125.163     10.192      1392608 
          Q34N-HN    119.128      8.651        46031 
          G35N-HN    107.556      8.072        75481 
          E36N-HN    124.123      8.462       147432 
          F37N-HN    118.288      8.683      4372946 
          K38N-HN    117.818      8.603      4357034 
          E39N-HN    119.473      7.499      7412008 
          L40N-HN    122.123      7.322      4688745 
          V41N-HN    118.516      8.125      3686901 
          R42N-HN    117.891      7.811      6112136 
          K43N-HN    117.124      7.947       284634 
          D44N-HN    116.988      8.430          126 
          L45N-HN    122.775      7.154        32095 
          Q46N-HN    117.190      8.484        71325 
          N47N-HN    117.304      9.947       -17873 
          F48N-HN    122.206      9.268       -56507 
          L49N-HN    118.812      7.564       121689 
          K50N-HN    121.935      6.825       -64161 
          K51N-HN    119.235      8.504       132632 
          E52N-HN    123.098      9.694         6825 
          N53N-HN    114.191      8.019       165424 
          K54N-HN    116.535      7.359         3400 
          N55N-HN    118.225      7.723       249598 
          K57N-HN    117.244      8.193       -83201 
          V58N-HN    121.446      7.603        53311 
          I59N-HN    120.035      7.415        51027 
          E60N-HN    119.466      8.086       158779 
          H61N-HN    119.753      7.970        26795 
          I62N-HN    121.893      8.342         3331 
          M63N-HN    120.383      8.030        21026 
          E64N-HN    117.117      8.041      5146174 
          D65N-HN    120.255      8.111      5037310 
          L66N-HN    117.752      7.738      5419258 
          D67N-HN    120.047      7.350      4760316 
          T68N-HN    121.181      8.287      3404708 
          N69N-HN    116.497      7.670       -22390 
          A70N-HN    121.106      7.815       -11021 
          D71N-HN    118.741      8.214      6744658 
          K72N-HN    117.567     10.533      2093857 
          Q73N-HN    115.805      7.893      7979254 
          L74N-HN    124.452     10.358      2480500 
          S75N-HN    120.689      8.972      2386754 
          F76N-HN    124.760      9.475        78393 
          E77N-HN    116.299      8.927        24997 
          E78N-HN    119.842      8.612      3422326 
          F79N-HN    117.130      7.259        72655 
          I80N-HN    113.819      8.000      3329842 
          M81N-HN    116.746      6.616      3827367 
          L82N-HN    124.073      8.380      4637673 
          M83N-HN    112.915      7.736      5045334 
          A84N-HN    116.467      7.409       -59110 
          R85N-HN    117.658      7.240        76643 
          L86N-HN    118.556      7.114       -40344 
          T87N-HN    112.578      7.670       124962 
          W88N-HN    122.907      7.559      -121436 
       W88NE1-HE1    129.871     10.023        60604 
          A89N-HN    124.631      7.890       -85337 
          K93N-HN    121.939      8.146       -49994 
          M94N-HN    121.534      8.199       472982 
          E96N-HN    123.177      8.315       -18673 
          G97N-HN    110.694      8.394      -156343 
          D98N-HN    121.430      8.421       -80557 
          E99N-HN    121.129      8.160       279500 
         G100N-HN    110.203      8.219       183771 
         G102N-HN    109.566      8.432         9035 
         G108N-HN    110.103      8.466        14643 
         L109N-HN    122.309      8.119       183427 
         G110N-HN    110.624      8.461        81653 
         E111N-HN    121.009      8.185       -22892 
         G112N-HN    110.480      8.411       114006 
         T113N-HN    116.862      7.986       200833 
