      Assignment         w1         w2   Data Height 

              ?-?    125.269      8.221        37879 
              ?-?    114.181      7.680         6398 
           M5N-HN    122.213      8.156       -49159 
           S6N-HN    122.022      9.727       -58113 
           Q7N-HN    121.413      8.977         -109 
           L8N-HN    122.576      8.771       169336 
           E9N-HN    119.701      8.206       244200 
          R10N-HN    118.506      8.394        47113 
          N11N-HN    120.635      8.649       282258 
          I12N-HN    121.082      8.544      3459289 
          E13N-HN    120.492      8.702       506666 
          T14N-HN    114.743      8.127       146844 
          I15N-HN    126.186      8.038      5741727 
          I16N-HN    121.563      8.137      3581398 
          N17N-HN    118.978      8.711       -70632 
          T18N-HN    119.933      8.698       -32019 
          F19N-HN    122.480      8.530      5301026 
          H20N-HN    117.180      8.103       738027 
          Q21N-HN    121.017      8.079      6195192 
          Y22N-HN    113.862      7.147      4216028 
          S23N-HN    115.229      8.668      3172101 
          V24N-HN    117.308      7.186      3741377 
          K25N-HN    123.005      7.270      1594994 
          L26N-HN    118.202      9.844      -175311 
          D30N-HN    121.038     10.372        23832 
          T31N-HN    106.769      7.428      5730800 
          L32N-HN    125.249      9.433      1493246 
          N33N-HN    125.163     10.192      1175479 
          Q34N-HN    119.128      8.651       -78821 
          G35N-HN    107.556      8.072       127824 
          E36N-HN    124.123      8.462       -26849 
          F37N-HN    118.288      8.683      4076904 
          K38N-HN    117.818      8.603      4285904 
          E39N-HN    119.473      7.499      7061384 
          L40N-HN    122.123      7.322      4388830 
          V41N-HN    118.516      8.125      3940884 
          R42N-HN    117.891      7.811      6227873 
          K43N-HN    117.124      7.947       124204 
          D44N-HN    116.988      8.430         2040 
          L45N-HN    122.775      7.154      -108812 
          Q46N-HN    117.190      8.484        18174 
          N47N-HN    117.304      9.947       -64322 
          F48N-HN    122.206      9.268       -53264 
          L49N-HN    118.812      7.564       -57066 
          K50N-HN    121.935      6.825        95285 
          K51N-HN    119.235      8.504        22597 
          E52N-HN    123.098      9.694       -76040 
          N53N-HN    114.191      8.019       117336 
          K54N-HN    116.535      7.359      -105822 
          N55N-HN    118.225      7.723       176822 
          K57N-HN    117.244      8.193       -52847 
          V58N-HN    121.446      7.603       -28469 
          I59N-HN    120.035      7.415       115643 
          E60N-HN    119.466      8.086        76011 
          H61N-HN    119.753      7.970        13955 
          I62N-HN    121.893      8.342       -71560 
          M63N-HN    120.383      8.030      -115880 
          E64N-HN    117.117      8.041      4694184 
          D65N-HN    120.255      8.111      3541294 
          L66N-HN    117.752      7.738      5642790 
          D67N-HN    120.047      7.350      4157378 
          T68N-HN    121.181      8.287      1801886 
          N69N-HN    116.497      7.670       119062 
          A70N-HN    121.106      7.815       207791 
          D71N-HN    118.741      8.214      5940706 
          K72N-HN    117.567     10.533      1901467 
          Q73N-HN    115.805      7.893      7108209 
          L74N-HN    124.452     10.358      2224767 
          S75N-HN    120.689      8.972      2225769 
          F76N-HN    124.760      9.475         -419 
          E77N-HN    116.299      8.927        37800 
          E78N-HN    119.842      8.612      3474543 
          F79N-HN    117.130      7.259       188563 
          I80N-HN    113.819      8.000      3763326 
          M81N-HN    116.746      6.616      3527193 
          L82N-HN    124.073      8.380      4774104 
          M83N-HN    112.915      7.736      5126828 
          A84N-HN    116.467      7.409       -63114 
          R85N-HN    117.658      7.240        80797 
          L86N-HN    118.556      7.114        -7636 
          T87N-HN    112.578      7.670       -60215 
          W88N-HN    122.907      7.559        71971 
       W88NE1-HE1    129.871     10.023        69548 
          A89N-HN    124.631      7.890       -10234 
          K93N-HN    121.939      8.146       212969 
          M94N-HN    121.534      8.199       603142 
          E96N-HN    123.177      8.315       -27929 
          G97N-HN    110.694      8.394        57858 
          D98N-HN    121.430      8.421       158718 
          E99N-HN    121.129      8.160        58314 
         G100N-HN    110.203      8.219       104768 
         G102N-HN    109.566      8.432        46334 
         G108N-HN    110.103      8.466       -16744 
         L109N-HN    122.309      8.119        17570 
         G110N-HN    110.624      8.461       120345 
         E111N-HN    121.009      8.185        24031 
         G112N-HN    110.480      8.411       -46921 
         T113N-HN    116.862      7.986       165523 
