      Assignment         w1         w2   Data Height 

              ?-?    125.269      8.221       -33111 
              ?-?    114.181      7.680       -37093 
           M5N-HN    122.213      8.156       -68458 
           S6N-HN    122.022      9.727       -38238 
           Q7N-HN    121.413      8.977       -47414 
           L8N-HN    122.576      8.771       -11871 
           E9N-HN    119.701      8.206       139672 
          R10N-HN    118.506      8.394       -11900 
          N11N-HN    120.635      8.649       221280 
          I12N-HN    121.082      8.544      3292135 
          E13N-HN    120.492      8.702       277201 
          T14N-HN    114.743      8.127       -26119 
          I15N-HN    126.186      8.038      5767713 
          I16N-HN    121.563      8.137      3591353 
          N17N-HN    118.978      8.711       -41374 
          T18N-HN    119.933      8.698       -28919 
          F19N-HN    122.480      8.530      5432910 
          H20N-HN    117.180      8.103       455713 
          Q21N-HN    121.017      8.079      5805386 
          Y22N-HN    113.862      7.147      4281242 
          S23N-HN    115.229      8.668      2489992 
          V24N-HN    117.308      7.186      3664279 
          K25N-HN    123.005      7.270       817620 
          L26N-HN    118.202      9.844       -64577 
          D30N-HN    121.038     10.372       -87087 
          T31N-HN    106.769      7.428      5009124 
          L32N-HN    125.249      9.433      1503038 
          N33N-HN    125.163     10.192      1214020 
          Q34N-HN    119.128      8.651       -25630 
          G35N-HN    107.556      8.072        31851 
          E36N-HN    124.123      8.462        21351 
          F37N-HN    118.288      8.683      3638716 
          K38N-HN    117.818      8.603      4522332 
          E39N-HN    119.473      7.499      6871898 
          L40N-HN    122.123      7.322      4528356 
          V41N-HN    118.516      8.125      4117752 
          R42N-HN    117.891      7.811      6137775 
          K43N-HN    117.124      7.947         9709 
          D44N-HN    116.988      8.430        28289 
          L45N-HN    122.775      7.154          410 
          Q46N-HN    117.190      8.484         9791 
          N47N-HN    117.304      9.947        43457 
          F48N-HN    122.206      9.268        -2339 
          L49N-HN    118.812      7.564        21982 
          K50N-HN    121.935      6.825        76778 
          K51N-HN    119.235      8.504       -40520 
          E52N-HN    123.098      9.694       -40599 
          N53N-HN    114.191      8.019       192456 
          K54N-HN    116.535      7.359        42864 
          N55N-HN    118.225      7.723       195087 
          K57N-HN    117.244      8.193       -90919 
          V58N-HN    121.446      7.603      -100373 
          I59N-HN    120.035      7.415        28484 
          E60N-HN    119.466      8.086       -12070 
          H61N-HN    119.753      7.970         8205 
          I62N-HN    121.893      8.342       -33217 
          M63N-HN    120.383      8.030       -96584 
          E64N-HN    117.117      8.041      3695336 
          D65N-HN    120.255      8.111      2515070 
          L66N-HN    117.752      7.738      5868292 
          D67N-HN    120.047      7.350      3832592 
          T68N-HN    121.181      8.287       801235 
          N69N-HN    116.497      7.670       -55546 
          A70N-HN    121.106      7.815       114675 
          D71N-HN    118.741      8.214      5194994 
          K72N-HN    117.567     10.533      1974520 
          Q73N-HN    115.805      7.893      6648354 
          L74N-HN    124.452     10.358      2460138 
          S75N-HN    120.689      8.972      2123731 
          F76N-HN    124.760      9.475      -185185 
          E77N-HN    116.299      8.927        39652 
          E78N-HN    119.842      8.612      3751821 
          F79N-HN    117.130      7.259        88486 
          I80N-HN    113.819      8.000      3768964 
          M81N-HN    116.746      6.616      3208902 
          L82N-HN    124.073      8.380      5159381 
          M83N-HN    112.915      7.736      5278823 
          A84N-HN    116.467      7.409       -89345 
          R85N-HN    117.658      7.240       146653 
          L86N-HN    118.556      7.114        15642 
          T87N-HN    112.578      7.670       120989 
          W88N-HN    122.907      7.559        82108 
       W88NE1-HE1    129.871     10.023         3540 
          A89N-HN    124.631      7.890        16469 
          K93N-HN    121.939      8.146       166099 
          M94N-HN    121.534      8.199       625949 
          E96N-HN    123.177      8.315       118193 
          G97N-HN    110.694      8.394        50579 
          D98N-HN    121.430      8.421        80351 
          E99N-HN    121.129      8.160       191327 
         G100N-HN    110.203      8.219        82028 
         G102N-HN    109.566      8.432        48770 
         G108N-HN    110.103      8.466        65140 
         L109N-HN    122.309      8.119        54743 
         G110N-HN    110.624      8.461        35187 
         E111N-HN    121.009      8.185       -60922 
         G112N-HN    110.480      8.411        47855 
         T113N-HN    116.862      7.986       306229 
