      Assignment         w1         w2   Data Height 

              ?-?    125.269      8.221       -39855 
              ?-?    114.181      7.680        -6929 
           M5N-HN    122.213      8.156       219215 
           S6N-HN    122.022      9.727         5095 
           Q7N-HN    121.413      8.977       -23239 
           L8N-HN    122.576      8.771       -83770 
           E9N-HN    119.701      8.206        21773 
          R10N-HN    118.506      8.394       -15356 
          N11N-HN    120.635      8.649       213884 
          I12N-HN    121.082      8.544      3092989 
          E13N-HN    120.492      8.702       250263 
          T14N-HN    114.743      8.127       126868 
          I15N-HN    126.186      8.038      5446418 
          I16N-HN    121.563      8.137      3824390 
          N17N-HN    118.978      8.711       174414 
          T18N-HN    119.933      8.698        19842 
          F19N-HN    122.480      8.530      5413131 
          H20N-HN    117.180      8.103       439110 
          Q21N-HN    121.017      8.079      5169810 
          Y22N-HN    113.862      7.147      4376148 
          S23N-HN    115.229      8.668      2375361 
          V24N-HN    117.308      7.186      3178763 
          K25N-HN    123.005      7.270       622250 
          L26N-HN    118.202      9.844      -103527 
          D30N-HN    121.038     10.372       -26028 
          T31N-HN    106.769      7.428      4191914 
          L32N-HN    125.249      9.433      1487032 
          N33N-HN    125.163     10.192       914641 
          Q34N-HN    119.128      8.651       -98981 
          G35N-HN    107.556      8.072        -9863 
          E36N-HN    124.123      8.462       160790 
          F37N-HN    118.288      8.683      3639156 
          K38N-HN    117.818      8.603      4301870 
          E39N-HN    119.473      7.499      6402776 
          L40N-HN    122.123      7.322      4629849 
          V41N-HN    118.516      8.125      4493859 
          R42N-HN    117.891      7.811      5968853 
          K43N-HN    117.124      7.947       124342 
          D44N-HN    116.988      8.430       123437 
          L45N-HN    122.775      7.154        95886 
          Q46N-HN    117.190      8.484       -92926 
          N47N-HN    117.304      9.947       -30536 
          F48N-HN    122.206      9.268      -127816 
          L49N-HN    118.812      7.564         3750 
          K50N-HN    121.935      6.825       -44499 
          K51N-HN    119.235      8.504       -17844 
          E52N-HN    123.098      9.694       -32864 
          N53N-HN    114.191      8.019       -54169 
          K54N-HN    116.535      7.359       120733 
          N55N-HN    118.225      7.723       216401 
          K57N-HN    117.244      8.193       -38381 
          V58N-HN    121.446      7.603        25760 
          I59N-HN    120.035      7.415        48393 
          E60N-HN    119.466      8.086        28185 
          H61N-HN    119.753      7.970        70745 
          I62N-HN    121.893      8.342        52387 
          M63N-HN    120.383      8.030       199545 
          E64N-HN    117.117      8.041      2716987 
          D65N-HN    120.255      8.111      1757211 
          L66N-HN    117.752      7.738      6162369 
          D67N-HN    120.047      7.350      3143404 
          T68N-HN    121.181      8.287       347615 
          N69N-HN    116.497      7.670      -157476 
          A70N-HN    121.106      7.815       -15465 
          D71N-HN    118.741      8.214      4548048 
          K72N-HN    117.567     10.533      1596944 
          Q73N-HN    115.805      7.893      5871304 
          L74N-HN    124.452     10.358      2034189 
          S75N-HN    120.689      8.972      1742585 
          F76N-HN    124.760      9.475       -13016 
          E77N-HN    116.299      8.927       130179 
          E78N-HN    119.842      8.612      4076294 
          F79N-HN    117.130      7.259       120024 
          I80N-HN    113.819      8.000      3766494 
          M81N-HN    116.746      6.616      2777000 
          L82N-HN    124.073      8.380      5476244 
          M83N-HN    112.915      7.736      5366714 
          A84N-HN    116.467      7.409      -102807 
          R85N-HN    117.658      7.240        32186 
          L86N-HN    118.556      7.114       -81806 
          T87N-HN    112.578      7.670        38881 
          W88N-HN    122.907      7.559        26097 
       W88NE1-HE1    129.871     10.023         6559 
          A89N-HN    124.631      7.890       -38580 
          K93N-HN    121.939      8.146       138653 
          M94N-HN    121.534      8.199       318530 
          E96N-HN    123.177      8.315        18073 
          G97N-HN    110.694      8.394        20058 
          D98N-HN    121.430      8.421        47602 
          E99N-HN    121.129      8.160        16368 
         G100N-HN    110.203      8.219          -80 
         G102N-HN    109.566      8.432        23980 
         G108N-HN    110.103      8.466       -60947 
         L109N-HN    122.309      8.119       -47553 
         G110N-HN    110.624      8.461       -61809 
         E111N-HN    121.009      8.185       -68685 
         G112N-HN    110.480      8.411       -21821 
         T113N-HN    116.862      7.986       124768 
