      Assignment         w1         w2   Data Height 

              ?-?    125.269      8.221        55043 
              ?-?    114.181      7.680          616 
           M5N-HN    122.213      8.156       -96795 
           S6N-HN    122.022      9.727      -211240 
           Q7N-HN    121.413      8.977       -72927 
           L8N-HN    122.576      8.771       -43058 
           E9N-HN    119.701      8.206      3073144 
          R10N-HN    118.506      8.394      1234884 
          N11N-HN    120.635      8.649      4215838 
          I12N-HN    121.082      8.544      2787989 
          E13N-HN    120.492      8.702      2976007 
          T14N-HN    114.743      8.127       443123 
          I15N-HN    126.186      8.038      5449368 
          I16N-HN    121.563      8.137      2877022 
          N17N-HN    118.978      8.711      1280085 
          T18N-HN    119.933      8.698       458861 
          F19N-HN    122.480      8.530      4524076 
          H20N-HN    117.180      8.103      2912240 
          Q21N-HN    121.017      8.079      6355628 
          Y22N-HN    113.862      7.147      3611099 
          S23N-HN    115.229      8.668      3331831 
          V24N-HN    117.308      7.186      6719654 
          K25N-HN    123.005      7.270      5822824 
          L26N-HN    118.202      9.844        68443 
          D30N-HN    121.038     10.372        99429 
          T31N-HN    106.769      7.428      8549861 
          L32N-HN    125.249      9.433      1812260 
          N33N-HN    125.163     10.192      1754685 
          Q34N-HN    119.128      8.651        64613 
          G35N-HN    107.556      8.072        73067 
          E36N-HN    124.123      8.462       290778 
          F37N-HN    118.288      8.683      4687420 
          K38N-HN    117.818      8.603      4579892 
          E39N-HN    119.473      7.499      7891882 
          L40N-HN    122.123      7.322      4324499 
          V41N-HN    118.516      8.125      3287522 
          R42N-HN    117.891      7.811      5828038 
          K43N-HN    117.124      7.947      1973504 
          D44N-HN    116.988      8.430      1358291 
          L45N-HN    122.775      7.154       261616 
          Q46N-HN    117.190      8.484        54420 
          N47N-HN    117.304      9.947       -57911 
          F48N-HN    122.206      9.268        65932 
          L49N-HN    118.812      7.564        -3054 
          K50N-HN    121.935      6.825        79449 
          K51N-HN    119.235      8.504      -179914 
          E52N-HN    123.098      9.694       -24604 
          N53N-HN    114.191      8.019       218994 
          K54N-HN    116.535      7.359      -147470 
          N55N-HN    118.225      7.723       156651 
          K57N-HN    117.244      8.193        88442 
          V58N-HN    121.446      7.603        97717 
          I59N-HN    120.035      7.415       302678 
          E60N-HN    119.466      8.086       -11796 
          H61N-HN    119.753      7.970        57689 
          I62N-HN    121.893      8.342       691116 
          M63N-HN    120.383      8.030       102527 
          E64N-HN    117.117      8.041      5846450 
          D65N-HN    120.255      8.111      9107812 
          L66N-HN    117.752      7.738      4676410 
          D67N-HN    120.047      7.350      5483159 
          T68N-HN    121.181      8.287      8461971 
          N69N-HN    116.497      7.670        76544 
          A70N-HN    121.106      7.815         4023 
          D71N-HN    118.741      8.214      7219553 
          K72N-HN    117.567     10.533      2342679 
          Q73N-HN    115.805      7.893      8296254 
          L74N-HN    124.452     10.358      2479604 
          S75N-HN    120.689      8.972      2456943 
          F76N-HN    124.760      9.475       -52874 
          E77N-HN    116.299      8.927       -16630 
          E78N-HN    119.842      8.612      3211144 
          F79N-HN    117.130      7.259        -6528 
          I80N-HN    113.819      8.000      3079114 
          M81N-HN    116.746      6.616      4372692 
          L82N-HN    124.073      8.380      4138097 
          M83N-HN    112.915      7.736      4574235 
          A84N-HN    116.467      7.409       -95037 
          R85N-HN    117.658      7.240      1108648 
          L86N-HN    118.556      7.114        70966 
          T87N-HN    112.578      7.670        64643 
          W88N-HN    122.907      7.559        41252 
       W88NE1-HE1    129.871     10.023       -66996 
          A89N-HN    124.631      7.890         6890 
          K93N-HN    121.939      8.146       364807 
          M94N-HN    121.534      8.199       577251 
          E96N-HN    123.177      8.315         3410 
          G97N-HN    110.694      8.394       -27218 
          D98N-HN    121.430      8.421       135627 
          E99N-HN    121.129      8.160       222758 
         G100N-HN    110.203      8.219       110910 
         G102N-HN    109.566      8.432       -22228 
         G108N-HN    110.103      8.466       -52749 
         L109N-HN    122.309      8.119        70470 
         G110N-HN    110.624      8.461         2513 
         E111N-HN    121.009      8.185         7329 
         G112N-HN    110.480      8.411       168563 
         T113N-HN    116.862      7.986       251861 
