      Assignment         w1         w2   Data Height 

              ?-?    125.269      8.221        41739 
              ?-?    114.181      7.680       -10225 
           M5N-HN    122.213      8.156       187198 
           S6N-HN    122.022      9.727      -166280 
           Q7N-HN    121.413      8.977       151525 
           L8N-HN    122.576      8.771        -2579 
           E9N-HN    119.701      8.206        68125 
          R10N-HN    118.506      8.394        -2206 
          N11N-HN    120.635      8.649       370331 
          I12N-HN    121.082      8.544      2761803 
          E13N-HN    120.492      8.702       182084 
          T14N-HN    114.743      8.127       -43471 
          I15N-HN    126.186      8.038      4913912 
          I16N-HN    121.563      8.137      3625473 
          N17N-HN    118.978      8.711       -24523 
          T18N-HN    119.933      8.698        83752 
          F19N-HN    122.480      8.530      5387701 
          H20N-HN    117.180      8.103       101227 
          Q21N-HN    121.017      8.079      4350515 
          Y22N-HN    113.862      7.147      4375541 
          S23N-HN    115.229      8.668      1768788 
          V24N-HN    117.308      7.186      3059480 
          K25N-HN    123.005      7.270       444298 
          L26N-HN    118.202      9.844        15671 
          D30N-HN    121.038     10.372      -103394 
          T31N-HN    106.769      7.428      3010244 
          L32N-HN    125.249      9.433      1315391 
          N33N-HN    125.163     10.192       675655 
          Q34N-HN    119.128      8.651      -118956 
          G35N-HN    107.556      8.072        39446 
          E36N-HN    124.123      8.462        36358 
          F37N-HN    118.288      8.683      3339705 
          K38N-HN    117.818      8.603      4234187 
          E39N-HN    119.473      7.499      5973136 
          L40N-HN    122.123      7.322      5068512 
          V41N-HN    118.516      8.125      4629292 
          R42N-HN    117.891      7.811      5815310 
          K43N-HN    117.124      7.947       252281 
          D44N-HN    116.988      8.430       -50917 
          L45N-HN    122.775      7.154       -66208 
          Q46N-HN    117.190      8.484        18290 
          N47N-HN    117.304      9.947        -7011 
          F48N-HN    122.206      9.268        87574 
          L49N-HN    118.812      7.564        58877 
          K50N-HN    121.935      6.825       130769 
          K51N-HN    119.235      8.504       100361 
          E52N-HN    123.098      9.694        37939 
          N53N-HN    114.191      8.019       144125 
          K54N-HN    116.535      7.359       137575 
          N55N-HN    118.225      7.723       226127 
          K57N-HN    117.244      8.193      -132061 
          V58N-HN    121.446      7.603       152706 
          I59N-HN    120.035      7.415       -21782 
          E60N-HN    119.466      8.086        28793 
          H61N-HN    119.753      7.970        51750 
          I62N-HN    121.893      8.342       -24047 
          M63N-HN    120.383      8.030       -74510 
          E64N-HN    117.117      8.041      2102798 
          D65N-HN    120.255      8.111      1011511 
          L66N-HN    117.752      7.738      6231726 
          D67N-HN    120.047      7.350      2706440 
          T68N-HN    121.181      8.287       102089 
          N69N-HN    116.497      7.670       -20085 
          A70N-HN    121.106      7.815         4398 
          D71N-HN    118.741      8.214      3280946 
          K72N-HN    117.567     10.533      1330638 
          Q73N-HN    115.805      7.893      5046196 
          L74N-HN    124.452     10.358      2204979 
          S75N-HN    120.689      8.972      1781038 
          F76N-HN    124.760      9.475        76880 
          E77N-HN    116.299      8.927        44885 
          E78N-HN    119.842      8.612      4410600 
          F79N-HN    117.130      7.259       190680 
          I80N-HN    113.819      8.000      4092695 
          M81N-HN    116.746      6.616      2557832 
          L82N-HN    124.073      8.380      5834227 
          M83N-HN    112.915      7.736      5632409 
          A84N-HN    116.467      7.409       242006 
          R85N-HN    117.658      7.240       231596 
          L86N-HN    118.556      7.114        62363 
          T87N-HN    112.578      7.670         2535 
          W88N-HN    122.907      7.559       123282 
       W88NE1-HE1    129.871     10.023       182895 
          A89N-HN    124.631      7.890       -58385 
          K93N-HN    121.939      8.146        53051 
          M94N-HN    121.534      8.199       434780 
          E96N-HN    123.177      8.315        48104 
          G97N-HN    110.694      8.394        96102 
          D98N-HN    121.430      8.421        40807 
          E99N-HN    121.129      8.160       127530 
         G100N-HN    110.203      8.219        -8688 
         G102N-HN    109.566      8.432       -34294 
         G108N-HN    110.103      8.466       166361 
         L109N-HN    122.309      8.119       240776 
         G110N-HN    110.624      8.461        87033 
         E111N-HN    121.009      8.185       -59249 
         G112N-HN    110.480      8.411        75016 
         T113N-HN    116.862      7.986       380152 
