      Assignment         w1         w2   Data Height 

              ?-?    125.269      8.221        73685 
              ?-?    114.181      7.680        64219 
           M5N-HN    122.213      8.156         5650 
           S6N-HN    122.022      9.727       -96741 
           Q7N-HN    121.413      8.977      -111952 
           L8N-HN    122.576      8.771       -40637 
           E9N-HN    119.701      8.206        17877 
          R10N-HN    118.506      8.394        11297 
          N11N-HN    120.635      8.649        63399 
          I12N-HN    121.082      8.544      1728080 
          E13N-HN    120.492      8.702       166893 
          T14N-HN    114.743      8.127       132655 
          I15N-HN    126.186      8.038      4202436 
          I16N-HN    121.563      8.137      3816034 
          N17N-HN    118.978      8.711      -134941 
          T18N-HN    119.933      8.698       -23738 
          F19N-HN    122.480      8.530      4845690 
          H20N-HN    117.180      8.103       162250 
          Q21N-HN    121.017      8.079      2414598 
          Y22N-HN    113.862      7.147      4235462 
          S23N-HN    115.229      8.668       976448 
          V24N-HN    117.308      7.186      2353841 
          K25N-HN    123.005      7.270       101421 
          L26N-HN    118.202      9.844        30515 
          D30N-HN    121.038     10.372       -24418 
          T31N-HN    106.769      7.428      1831004 
          L32N-HN    125.249      9.433       791166 
          N33N-HN    125.163     10.192       222504 
          Q34N-HN    119.128      8.651       -40112 
          G35N-HN    107.556      8.072      -114588 
          E36N-HN    124.123      8.462       105976 
          F37N-HN    118.288      8.683      2371840 
          K38N-HN    117.818      8.603      3752178 
          E39N-HN    119.473      7.499      4694187 
          L40N-HN    122.123      7.322      5434391 
          V41N-HN    118.516      8.125      5206208 
          R42N-HN    117.891      7.811      5649276 
          K43N-HN    117.124      7.947       100200 
          D44N-HN    116.988      8.430      -119011 
          L45N-HN    122.775      7.154       -11210 
          Q46N-HN    117.190      8.484        62787 
          N47N-HN    117.304      9.947       -99777 
          F48N-HN    122.206      9.268        71299 
          L49N-HN    118.812      7.564       -24420 
          K50N-HN    121.935      6.825      -121418 
          K51N-HN    119.235      8.504       -33725 
          E52N-HN    123.098      9.694      -128701 
          N53N-HN    114.191      8.019       162215 
          K54N-HN    116.535      7.359        56582 
          N55N-HN    118.225      7.723       327286 
          K57N-HN    117.244      8.193       -90934 
          V58N-HN    121.446      7.603        21024 
          I59N-HN    120.035      7.415       -88742 
          E60N-HN    119.466      8.086      -196832 
          H61N-HN    119.753      7.970       126055 
          I62N-HN    121.893      8.342        24243 
          M63N-HN    120.383      8.030       -61946 
          E64N-HN    117.117      8.041       795395 
          D65N-HN    120.255      8.111       215427 
          L66N-HN    117.752      7.738      5933809 
          D67N-HN    120.047      7.350      1809304 
          T68N-HN    121.181      8.287        27527 
          N69N-HN    116.497      7.670        -6391 
          A70N-HN    121.106      7.815       106580 
          D71N-HN    118.741      8.214      1986800 
          K72N-HN    117.567     10.533       395358 
          Q73N-HN    115.805      7.893      3510402 
          L74N-HN    124.452     10.358      1717552 
          S75N-HN    120.689      8.972      1265167 
          F76N-HN    124.760      9.475      -166234 
          E77N-HN    116.299      8.927        40032 
          E78N-HN    119.842      8.612      5211834 
          F79N-HN    117.130      7.259        -7957 
          I80N-HN    113.819      8.000      4403567 
          M81N-HN    116.746      6.616      1187227 
          L82N-HN    124.073      8.380      6740496 
          M83N-HN    112.915      7.736      6017189 
          A84N-HN    116.467      7.409        56618 
          R85N-HN    117.658      7.240       127257 
          L86N-HN    118.556      7.114         -947 
          T87N-HN    112.578      7.670        98225 
          W88N-HN    122.907      7.559       172826 
       W88NE1-HE1    129.871     10.023       -91755 
          A89N-HN    124.631      7.890       -81146 
          K93N-HN    121.939      8.146       179443 
          M94N-HN    121.534      8.199       407481 
          E96N-HN    123.177      8.315        99451 
          G97N-HN    110.694      8.394         8406 
          D98N-HN    121.430      8.421        79895 
          E99N-HN    121.129      8.160       -87642 
         G100N-HN    110.203      8.219       131512 
         G102N-HN    109.566      8.432        62875 
         G108N-HN    110.103      8.466        18072 
         L109N-HN    122.309      8.119        67460 
         G110N-HN    110.624      8.461        22420 
         E111N-HN    121.009      8.185       -27539 
         G112N-HN    110.480      8.411        46570 
         T113N-HN    116.862      7.986       153000 
