      Assignment         w1         w2   Data Height 

              ?-?    125.269      8.221       -91476 
              ?-?    114.181      7.680        66026 
           M5N-HN    122.213      8.156      -119681 
           S6N-HN    122.022      9.727        32663 
           Q7N-HN    121.413      8.977        97678 
           L8N-HN    122.576      8.771      -115459 
           E9N-HN    119.701      8.206      2830887 
          R10N-HN    118.506      8.394       773083 
          N11N-HN    120.635      8.649      3382778 
          I12N-HN    121.082      8.544      3113058 
          E13N-HN    120.492      8.702      2722663 
          T14N-HN    114.743      8.127       195138 
          I15N-HN    126.186      8.038      5847166 
          I16N-HN    121.563      8.137      2956523 
          N17N-HN    118.978      8.711       736517 
          T18N-HN    119.933      8.698       246187 
          F19N-HN    122.480      8.530      4781771 
          H20N-HN    117.180      8.103      2707604 
          Q21N-HN    121.017      8.079      6682482 
          Y22N-HN    113.862      7.147      3609211 
          S23N-HN    115.229      8.668      3814097 
          V24N-HN    117.308      7.186      6094380 
          K25N-HN    123.005      7.270      5083144 
          L26N-HN    118.202      9.844       204724 
          D30N-HN    121.038     10.372        11734 
          T31N-HN    106.769      7.428      7930849 
          L32N-HN    125.249      9.433      1846652 
          N33N-HN    125.163     10.192      1705331 
          Q34N-HN    119.128      8.651      -122971 
          G35N-HN    107.556      8.072       -42365 
          E36N-HN    124.123      8.462       166086 
          F37N-HN    118.288      8.683      4692422 
          K38N-HN    117.818      8.603      4468562 
          E39N-HN    119.473      7.499      7728924 
          L40N-HN    122.123      7.322      4314521 
          V41N-HN    118.516      8.125      3172668 
          R42N-HN    117.891      7.811      6143837 
          K43N-HN    117.124      7.947      1222764 
          D44N-HN    116.988      8.430       742706 
          L45N-HN    122.775      7.154        50039 
          Q46N-HN    117.190      8.484        90500 
          N47N-HN    117.304      9.947        26108 
          F48N-HN    122.206      9.268       -73226 
          L49N-HN    118.812      7.564       -52433 
          K50N-HN    121.935      6.825       -29491 
          K51N-HN    119.235      8.504       111466 
          E52N-HN    123.098      9.694        18807 
          N53N-HN    114.191      8.019       221571 
          K54N-HN    116.535      7.359      -107891 
          N55N-HN    118.225      7.723        86984 
          K57N-HN    117.244      8.193       181604 
          V58N-HN    121.446      7.603          625 
          I59N-HN    120.035      7.415       434516 
          E60N-HN    119.466      8.086         3399 
          H61N-HN    119.753      7.970        17647 
          I62N-HN    121.893      8.342       162779 
          M63N-HN    120.383      8.030       206373 
          E64N-HN    117.117      8.041      5890800 
          D65N-HN    120.255      8.111      8459575 
          L66N-HN    117.752      7.738      4567405 
          D67N-HN    120.047      7.350      5114305 
          T68N-HN    121.181      8.287      7737877 
          N69N-HN    116.497      7.670       -75042 
          A70N-HN    121.106      7.815          -72 
          D71N-HN    118.741      8.214      7467504 
          K72N-HN    117.567     10.533      2277405 
          Q73N-HN    115.805      7.893      8104715 
          L74N-HN    124.452     10.358      2255913 
          S75N-HN    120.689      8.972      2131267 
          F76N-HN    124.760      9.475        -8087 
          E77N-HN    116.299      8.927        12512 
          E78N-HN    119.842      8.612      3190167 
          F79N-HN    117.130      7.259       197991 
          I80N-HN    113.819      8.000      3235494 
          M81N-HN    116.746      6.616      4234744 
          L82N-HN    124.073      8.380      4277867 
          M83N-HN    112.915      7.736      4625527 
          A84N-HN    116.467      7.409       -19264 
          R85N-HN    117.658      7.240       617252 
          L86N-HN    118.556      7.114        59028 
          T87N-HN    112.578      7.670       -46735 
          W88N-HN    122.907      7.559       150204 
       W88NE1-HE1    129.871     10.023       -86682 
          A89N-HN    124.631      7.890        56844 
          K93N-HN    121.939      8.146       263108 
          M94N-HN    121.534      8.199       689288 
          E96N-HN    123.177      8.315       170670 
          G97N-HN    110.694      8.394        76003 
          D98N-HN    121.430      8.421        18621 
          E99N-HN    121.129      8.160       295933 
         G100N-HN    110.203      8.219       134953 
         G102N-HN    109.566      8.432        36635 
         G108N-HN    110.103      8.466       215895 
         L109N-HN    122.309      8.119       158501 
         G110N-HN    110.624      8.461       -26456 
         E111N-HN    121.009      8.185       120073 
         G112N-HN    110.480      8.411        67921 
         T113N-HN    116.862      7.986        74546 
