      Assignment         w1         w2   Data Height 

              ?-?    125.269      8.221        35347 
              ?-?    114.181      7.680        11562 
           M5N-HN    122.213      8.156        16585 
           S6N-HN    122.022      9.727      -142145 
           Q7N-HN    121.413      8.977        98024 
           L8N-HN    122.576      8.771       -32989 
           E9N-HN    119.701      8.206      2015334 
          R10N-HN    118.506      8.394       510258 
          N11N-HN    120.635      8.649      2948386 
          I12N-HN    121.082      8.544      3150375 
          E13N-HN    120.492      8.702      2305765 
          T14N-HN    114.743      8.127        84426 
          I15N-HN    126.186      8.038      5619682 
          I16N-HN    121.563      8.137      3206267 
          N17N-HN    118.978      8.711       534726 
          T18N-HN    119.933      8.698        51903 
          F19N-HN    122.480      8.530      4616628 
          H20N-HN    117.180      8.103      2582674 
          Q21N-HN    121.017      8.079      6603574 
          Y22N-HN    113.862      7.147      3372953 
          S23N-HN    115.229      8.668      3452256 
          V24N-HN    117.308      7.186      5662745 
          K25N-HN    123.005      7.270      4456640 
          L26N-HN    118.202      9.844        83092 
          D30N-HN    121.038     10.372      -136127 
          T31N-HN    106.769      7.428      8040682 
          L32N-HN    125.249      9.433      1846629 
          N33N-HN    125.163     10.192      1743755 
          Q34N-HN    119.128      8.651       -98321 
          G35N-HN    107.556      8.072        -5621 
          E36N-HN    124.123      8.462        92039 
          F37N-HN    118.288      8.683      4390195 
          K38N-HN    117.818      8.603      4415086 
          E39N-HN    119.473      7.499      7704498 
          L40N-HN    122.123      7.322      4256526 
          V41N-HN    118.516      8.125      3438172 
          R42N-HN    117.891      7.811      6282141 
          K43N-HN    117.124      7.947       739501 
          D44N-HN    116.988      8.430       509218 
          L45N-HN    122.775      7.154       116632 
          Q46N-HN    117.190      8.484       -73944 
          N47N-HN    117.304      9.947      -102083 
          F48N-HN    122.206      9.268       142955 
          L49N-HN    118.812      7.564       -28228 
          K50N-HN    121.935      6.825       -93870 
          K51N-HN    119.235      8.504       -93625 
          E52N-HN    123.098      9.694        83441 
          N53N-HN    114.191      8.019       194600 
          K54N-HN    116.535      7.359       -11218 
          N55N-HN    118.225      7.723       103568 
          K57N-HN    117.244      8.193       128041 
          V58N-HN    121.446      7.603        31635 
          I59N-HN    120.035      7.415       141547 
          E60N-HN    119.466      8.086        12192 
          H61N-HN    119.753      7.970        -6268 
          I62N-HN    121.893      8.342      -158449 
          M63N-HN    120.383      8.030        44035 
          E64N-HN    117.117      8.041      5763417 
          D65N-HN    120.255      8.111      7582840 
          L66N-HN    117.752      7.738      4740841 
          D67N-HN    120.047      7.350      5196246 
          T68N-HN    121.181      8.287      7243406 
          N69N-HN    116.497      7.670       -28311 
          A70N-HN    121.106      7.815       -32937 
          D71N-HN    118.741      8.214      7432194 
          K72N-HN    117.567     10.533      2289849 
          Q73N-HN    115.805      7.893      8118023 
          L74N-HN    124.452     10.358      2477243 
          S75N-HN    120.689      8.972      2424499 
          F76N-HN    124.760      9.475      -155327 
          E77N-HN    116.299      8.927         2236 
          E78N-HN    119.842      8.612      2929264 
          F79N-HN    117.130      7.259       161310 
          I80N-HN    113.819      8.000      3420794 
          M81N-HN    116.746      6.616      4175258 
          L82N-HN    124.073      8.380      4062585 
          M83N-HN    112.915      7.736      4827323 
          A84N-HN    116.467      7.409        53784 
          R85N-HN    117.658      7.240       442885 
          L86N-HN    118.556      7.114        -3094 
          T87N-HN    112.578      7.670        51679 
          W88N-HN    122.907      7.559      -110109 
       W88NE1-HE1    129.871     10.023        23704 
          A89N-HN    124.631      7.890       -52685 
          K93N-HN    121.939      8.146       151529 
          M94N-HN    121.534      8.199       596867 
          E96N-HN    123.177      8.315        51780 
          G97N-HN    110.694      8.394        57769 
          D98N-HN    121.430      8.421        -5273 
          E99N-HN    121.129      8.160       371372 
         G100N-HN    110.203      8.219       132931 
         G102N-HN    109.566      8.432        -2527 
         G108N-HN    110.103      8.466        46340 
         L109N-HN    122.309      8.119        11025 
         G110N-HN    110.624      8.461        37924 
         E111N-HN    121.009      8.185       167069 
         G112N-HN    110.480      8.411        55160 
         T113N-HN    116.862      7.986       126945 
