      Assignment         w1         w2   Data Height 

              ?-?    125.269      8.221       -10258 
              ?-?    114.181      7.680      -118043 
           M5N-HN    122.213      8.156       -67149 
           S6N-HN    122.022      9.727       -55154 
           Q7N-HN    121.413      8.977       -48273 
           L8N-HN    122.576      8.771      -100788 
           E9N-HN    119.701      8.206      1936442 
          R10N-HN    118.506      8.394       300277 
          N11N-HN    120.635      8.649      2958221 
          I12N-HN    121.082      8.544      2917917 
          E13N-HN    120.492      8.702      2170864 
          T14N-HN    114.743      8.127        59052 
          I15N-HN    126.186      8.038      5722562 
          I16N-HN    121.563      8.137      3121036 
          N17N-HN    118.978      8.711       320361 
          T18N-HN    119.933      8.698       -67173 
          F19N-HN    122.480      8.530      4660718 
          H20N-HN    117.180      8.103      2103292 
          Q21N-HN    121.017      8.079      6381320 
          Y22N-HN    113.862      7.147      3955740 
          S23N-HN    115.229      8.668      3359650 
          V24N-HN    117.308      7.186      5092437 
          K25N-HN    123.005      7.270      4445952 
          L26N-HN    118.202      9.844       177968 
          D30N-HN    121.038     10.372      -106703 
          T31N-HN    106.769      7.428      7961346 
          L32N-HN    125.249      9.433      1911590 
          N33N-HN    125.163     10.192      1638467 
          Q34N-HN    119.128      8.651       -81071 
          G35N-HN    107.556      8.072        34652 
          E36N-HN    124.123      8.462        -9953 
          F37N-HN    118.288      8.683      4648990 
          K38N-HN    117.818      8.603      4236014 
          E39N-HN    119.473      7.499      7610360 
          L40N-HN    122.123      7.322      4052471 
          V41N-HN    118.516      8.125      3356410 
          R42N-HN    117.891      7.811      5977969 
          K43N-HN    117.124      7.947       696282 
          D44N-HN    116.988      8.430       112386 
          L45N-HN    122.775      7.154        96839 
          Q46N-HN    117.190      8.484      -118073 
          N47N-HN    117.304      9.947       -42492 
          F48N-HN    122.206      9.268       -25106 
          L49N-HN    118.812      7.564        26084 
          K50N-HN    121.935      6.825       -26519 
          K51N-HN    119.235      8.504        -5889 
          E52N-HN    123.098      9.694         2822 
          N53N-HN    114.191      8.019       157016 
          K54N-HN    116.535      7.359       -94963 
          N55N-HN    118.225      7.723       115308 
          K57N-HN    117.244      8.193       -25078 
          V58N-HN    121.446      7.603       -80010 
          I59N-HN    120.035      7.415       136688 
          E60N-HN    119.466      8.086        88335 
          H61N-HN    119.753      7.970       136409 
          I62N-HN    121.893      8.342        74974 
          M63N-HN    120.383      8.030       243874 
          E64N-HN    117.117      8.041      5983850 
          D65N-HN    120.255      8.111      7174505 
          L66N-HN    117.752      7.738      4692883 
          D67N-HN    120.047      7.350      5018328 
          T68N-HN    121.181      8.287      6267770 
          N69N-HN    116.497      7.670       -47311 
          A70N-HN    121.106      7.815        27377 
          D71N-HN    118.741      8.214      7108883 
          K72N-HN    117.567     10.533      2073322 
          Q73N-HN    115.805      7.893      7984372 
          L74N-HN    124.452     10.358      2509269 
          S75N-HN    120.689      8.972      2441522 
          F76N-HN    124.760      9.475        83409 
          E77N-HN    116.299      8.927       -93567 
          E78N-HN    119.842      8.612      3168386 
          F79N-HN    117.130      7.259        87219 
          I80N-HN    113.819      8.000      3143777 
          M81N-HN    116.746      6.616      4128290 
          L82N-HN    124.073      8.380      4147275 
          M83N-HN    112.915      7.736      4759142 
          A84N-HN    116.467      7.409       -81274 
          R85N-HN    117.658      7.240       339845 
          L86N-HN    118.556      7.114      -152899 
          T87N-HN    112.578      7.670       153054 
          W88N-HN    122.907      7.559        42681 
       W88NE1-HE1    129.871     10.023      -152985 
          A89N-HN    124.631      7.890       -85838 
          K93N-HN    121.939      8.146       208694 
          M94N-HN    121.534      8.199       547941 
          E96N-HN    123.177      8.315       128874 
          G97N-HN    110.694      8.394       -43053 
          D98N-HN    121.430      8.421        49380 
          E99N-HN    121.129      8.160       118265 
         G100N-HN    110.203      8.219        87142 
         G102N-HN    109.566      8.432        80011 
         G108N-HN    110.103      8.466        20370 
         L109N-HN    122.309      8.119       118973 
         G110N-HN    110.624      8.461         3243 
         E111N-HN    121.009      8.185        13975 
         G112N-HN    110.480      8.411        62209 
         T113N-HN    116.862      7.986       211745 
