      Assignment         w1         w2   Data Height 

              ?-?    125.269      8.221       -16691 
              ?-?    114.181      7.680       173985 
           M5N-HN    122.213      8.156       -35802 
           S6N-HN    122.022      9.727        60674 
           Q7N-HN    121.413      8.977       -70438 
           L8N-HN    122.576      8.771        39907 
           E9N-HN    119.701      8.206      1593399 
          R10N-HN    118.506      8.394       369596 
          N11N-HN    120.635      8.649      2031851 
          I12N-HN    121.082      8.544      3356974 
          E13N-HN    120.492      8.702      2076933 
          T14N-HN    114.743      8.127        -7425 
          I15N-HN    126.186      8.038      5778532 
          I16N-HN    121.563      8.137      3170335 
          N17N-HN    118.978      8.711       199915 
          T18N-HN    119.933      8.698       153287 
          F19N-HN    122.480      8.530      4939508 
          H20N-HN    117.180      8.103      1870972 
          Q21N-HN    121.017      8.079      6543745 
          Y22N-HN    113.862      7.147      3577264 
          S23N-HN    115.229      8.668      3848434 
          V24N-HN    117.308      7.186      4788941 
          K25N-HN    123.005      7.270      3616607 
          L26N-HN    118.202      9.844        32177 
          D30N-HN    121.038     10.372        17582 
          T31N-HN    106.769      7.428      7605102 
          L32N-HN    125.249      9.433      1801110 
          N33N-HN    125.163     10.192      1510582 
          Q34N-HN    119.128      8.651       -89843 
          G35N-HN    107.556      8.072      -127810 
          E36N-HN    124.123      8.462       276028 
          F37N-HN    118.288      8.683      4346973 
          K38N-HN    117.818      8.603      4729677 
          E39N-HN    119.473      7.499      7653456 
          L40N-HN    122.123      7.322      4120668 
          V41N-HN    118.516      8.125      3130076 
          R42N-HN    117.891      7.811      6298715 
          K43N-HN    117.124      7.947       312038 
          D44N-HN    116.988      8.430       167935 
          L45N-HN    122.775      7.154       -56918 
          Q46N-HN    117.190      8.484        75146 
          N47N-HN    117.304      9.947        -7763 
          F48N-HN    122.206      9.268       -84048 
          L49N-HN    118.812      7.564       -67743 
          K50N-HN    121.935      6.825         4666 
          K51N-HN    119.235      8.504       -78003 
          E52N-HN    123.098      9.694         6002 
          N53N-HN    114.191      8.019        -1466 
          K54N-HN    116.535      7.359        21008 
          N55N-HN    118.225      7.723        74631 
          K57N-HN    117.244      8.193       128843 
          V58N-HN    121.446      7.603        54173 
          I59N-HN    120.035      7.415       252680 
          E60N-HN    119.466      8.086        62127 
          H61N-HN    119.753      7.970        11412 
          I62N-HN    121.893      8.342       -59186 
          M63N-HN    120.383      8.030        62346 
          E64N-HN    117.117      8.041      5479465 
          D65N-HN    120.255      8.111      7115567 
          L66N-HN    117.752      7.738      4743606 
          D67N-HN    120.047      7.350      5282179 
          T68N-HN    121.181      8.287      6029668 
          N69N-HN    116.497      7.670      -144016 
          A70N-HN    121.106      7.815        57145 
          D71N-HN    118.741      8.214      7365783 
          K72N-HN    117.567     10.533      2286168 
          Q73N-HN    115.805      7.893      8175968 
          L74N-HN    124.452     10.358      2434128 
          S75N-HN    120.689      8.972      2487069 
          F76N-HN    124.760      9.475        30568 
          E77N-HN    116.299      8.927       -56315 
          E78N-HN    119.842      8.612      3352724 
          F79N-HN    117.130      7.259       395894 
          I80N-HN    113.819      8.000      3429878 
          M81N-HN    116.746      6.616      3985381 
          L82N-HN    124.073      8.380      4487694 
          M83N-HN    112.915      7.736      4970756 
          A84N-HN    116.467      7.409       -33924 
          R85N-HN    117.658      7.240        29998 
          L86N-HN    118.556      7.114       -35215 
          T87N-HN    112.578      7.670        90694 
          W88N-HN    122.907      7.559         7311 
       W88NE1-HE1    129.871     10.023        90763 
          A89N-HN    124.631      7.890       -12963 
          K93N-HN    121.939      8.146       201481 
          M94N-HN    121.534      8.199       530286 
          E96N-HN    123.177      8.315       -31601 
          G97N-HN    110.694      8.394         9121 
          D98N-HN    121.430      8.421        80445 
          E99N-HN    121.129      8.160       316095 
         G100N-HN    110.203      8.219       -71680 
         G102N-HN    109.566      8.432       -34766 
         G108N-HN    110.103      8.466        96176 
         L109N-HN    122.309      8.119        24817 
         G110N-HN    110.624      8.461       -71436 
         E111N-HN    121.009      8.185       -31950 
         G112N-HN    110.480      8.411        31792 
         T113N-HN    116.862      7.986       212472 
