      Assignment         w1         w2   Data Height 

           M5N-HN    122.310      8.145      9042907 
           S6N-HN    122.119      9.739      6397047 
           Q7N-HN    121.535      8.981      5250927 
           L8N-HN    122.681      8.765      9182841 
           E9N-HN    119.720      8.175      4792326 
          R10N-HN    118.486      8.366      8843906 
          N11N-HN    120.605      8.619      9130120 
          I12N-HN    121.093      8.503      9354973 
          E13N-HN    120.471      8.650     11432750 
          T14N-HN    114.762      8.098     10340694 
          I15N-HN    126.191      8.009     13809753 
          I16N-HN    121.606      8.111     10226859 
          N17N-HN    119.119      8.667     10463303 
          T18N-HN    120.026      8.689      8616976 
          F19N-HN    122.301      8.501     10673322 
          H20N-HN    116.941      8.071      5501566 
          Q21N-HN    120.882      8.037     14475493 
          Y22N-HN    113.795      7.086      8841566 
          S23N-HN    115.059      8.649      7660389 
          V24N-HN    117.452      7.160      9653037 
          L26N-HN    118.158      9.817     11649876 
          D30N-HN    121.113     10.414        42049 
          T31N-HN    106.788      7.394      7240268 
          L32N-HN    125.121      9.427      5154596 
          N33N-HN    124.906     10.108      3825838 
          Q34N-HN    118.129      8.824      8720977 
          G35N-HN    107.251      8.138     10593997 
          E36N-HN    123.856      8.429      8436653 
          F37N-HN    118.416      8.750      9400749 
          K38N-HN    116.861      8.439      8848894 
          E39N-HN    119.553      7.503     15243862 
          L40N-HN    121.994      7.328     11185784 
          V41N-HN    118.541      7.993     10839736 
          R42N-HN    117.593      7.792     15190280 
          K43N-HN    116.912      7.941     32080934 
          D44N-HN    116.984      8.378      9704791 
          L45N-HN    123.078      7.239     15934085 
          Q46N-HN    117.371      8.450      8271588 
          N47N-HN    117.468      9.949      5986160 
          F48N-HN    122.285      9.236      2031535 
          L49N-HN    118.937      7.562      7643539 
          K50N-HN    121.997      6.838      5328118 
          K51N-HN    119.398      8.477      6603242 
          E52N-HN    123.004      9.629      1359244 
          N53N-HN    113.990      7.990     13949752 
          K54N-HN    116.690      7.377      7679359 
          N55N-HN    118.287      7.711     11757448 
          K57N-HN    117.605      8.071     12915835 
          V58N-HN    121.509      7.597     10278448 
          I59N-HN    120.101      7.371      4658270 
          E60N-HN    119.274      8.092      4297462 
          H61N-HN    119.853      7.977      8907676 
          I62N-HN    121.882      8.284     10816359 
          M63N-HN    118.876      7.845     10254790 
          E64N-HN    117.113      7.796      1784242 
          D65N-HN    119.875      7.922     17797676 
          L66N-HN    117.524      7.617     12697846 
          D67N-HN    119.814      7.530     14024162 
          T68N-HN    121.671      8.352     12533709 
          N69N-HN    116.586      7.740      9658225 
          A70N-HN    121.291      7.821     10294056 
          D71N-HN    118.546      8.190     10231055 
          K72N-HN    117.612     10.277      8508403 
          Q73N-HN    114.364      7.744     15599229 
          L74N-HN    123.892     10.149      6747512 
          S75N-HN    120.931      9.030      6398669 
          F76N-HN    124.956      9.549      6874806 
          E77N-HN    116.439      8.968     13099046 
          E78N-HN    117.139      7.136      8198610 
          F79N-HN    119.599      8.580      9288746 
          M81N-HN    116.600      6.593     14809978 
          L82N-HN    124.126      8.338     17076524 
          M83N-HN    112.971      7.700     16779710 
          A84N-HN    117.788      7.224     15011011 
          R85N-HN    116.623      7.410     13793035 
          L86N-HN    118.728      7.131      4798688 
          T87N-HN    112.592      7.642      6576980 
           W88N-H    123.016      7.560      7278340 
          A89N-HN    124.745      7.908      4282423 
          S90N-HN    114.491      8.039      2824338 
          K93N-HN    121.889      8.143     10364460 
          M94N-HN    121.585      8.159      9015833 
          E96N-HN    123.527      8.260      4701798 
          G97N-HN    110.734      8.329      9358344 
          D98N-HN    121.171      8.101      2453310 
          E99N-HN    121.370      8.416       569950 
         G100N-HN    110.326      8.220      1305340 
         G102N-HN    109.700      8.435      1481221 
         H103N-HN    119.455      7.982      2094691 
         G108N-HN    110.294      8.473      4489903 
         L109N-HN    122.430      8.111     14623172 
         G110N-HN    110.759      8.456      5998480 
         E111N-HN    121.116      8.189      8707094 
         G112N-HN    110.584      8.415      6375594 
         T113N-HN    117.007      7.985     13574288 
