      Assignment         w1         w2   Data Height 

           M5N-HN    122.326      8.208       -93566 
           S6N-HN    121.759      9.711        38726 
           Q7N-HN    121.463      9.001       116968 
           L8N-HN    122.532      8.775        40900 
           E9N-HN    119.723      8.216       470953 
          R10N-HN    118.369      8.403        48411 
          N11N-HN    120.628      8.654       611256 
          I12N-HN    121.091      8.545      1873160 
          E13N-HN    120.486      8.694      1058244 
          T14N-HN    114.720      8.128       -62717 
          I15N-HN    126.215      8.047      3313863 
          I16N-HN    121.518      8.144      1992540 
          N17N-HN    118.982      8.705        25024 
          T18N-HN    119.903      8.695       116255 
          F19N-HN    122.333      8.515      2820949 
          H20N-HN    117.013      8.090       821007 
          Q21N-HN    120.903      8.059      2147385 
          Y22N-HN    113.855      7.120        53467 
          S23N-HN    115.050      8.629       -26146 
          V24N-HN    117.398      7.210       170945 
          L26N-HN    118.285      9.851        63141 
          D30N-HN    121.113     10.414        96573 
          T31N-HN    106.760      7.409        -9210 
          L32N-HN    125.161      9.402        95575 
          N33N-HN    125.032     10.106         -161 
          Q34N-HN    118.127      8.843        12671 
          G35N-HN    107.335      8.159       164915 
          E36N-HN    123.360      8.398       -28316 
          F37N-HN    118.444      8.790       128748 
          K38N-HN    116.909      8.475       457679 
          E39N-HN    119.560      7.536      1161620 
          L40N-HN    122.005      7.373      1810118 
          V41N-HN    118.559      8.028      2559040 
          R42N-HN    117.737      7.841      1770025 
          K43N-HN    116.840      7.946       -83013 
          D44N-HN    117.059      8.430        87760 
          L45N-HN    122.945      7.269      1107943 
          Q46N-HN    117.423      8.493       -58564 
          N47N-HN    117.488      9.949       106258 
          F48N-HN    122.234      9.227       -79553 
          L49N-HN    118.998      7.592         2970 
          K50N-HN    121.224      6.857        96371 
          K51N-HN    119.219      8.460      -137971 
          E52N-HN    123.042      9.619       -37296 
          N53N-HN    113.874      8.015      2083407 
          K54N-HN    116.711      7.432       -46988 
          N55N-HN    118.250      7.734       -12433 
          K57N-HN    117.467      8.058      -145765 
          V58N-HN    121.344      7.591        53636 
          I59N-HN    119.734      7.403       -77936 
          E60N-HN    119.296      8.061        40435 
          H61N-HN    120.287      7.965       -82965 
          I62N-HN    121.971      8.254        36066 
          M63N-HN    118.970      7.884       -52601 
          E64N-HN    116.777      7.825      -133227 
          D65N-HN    119.681      7.913        41265 
          L66N-HN    117.473      7.676       761293 
          D67N-HN    120.115      7.534      -156913 
          T68N-HN    121.577      8.356        43167 
          N69N-HN    116.556      7.753        64741 
          A70N-HN    121.267      7.825        51933 
          D71N-HN    118.543      8.204       -16820 
          K72N-HN    117.625     10.309       -55630 
          Q73N-HN    114.437      7.770       150630 
          L74N-HN    123.911     10.197        48086 
          S75N-HN    120.879      9.070      1284369 
          F76N-HN    124.932      9.568        19773 
          E77N-HN    116.450      8.981       -90595 
          E78N-HN    117.120      7.169      2851580 
          F79N-HN    119.660      8.616      2291254 
          M81N-HN    116.628      6.629      2347711 
          L82N-HN    124.256      8.384      2611187 
          M83N-HN    112.987      7.746      2632654 
          A84N-HN    117.715      7.254       387863 
          R85N-HN    116.543      7.478       -58430 
          L86N-HN    118.690      7.142       -12080 
          T87N-HN    112.361      7.609        47945 
           W88N-H    122.986      7.558       -10140 
          A89N-HN    123.955      7.890        49701 
          S90N-HN    114.543      8.071        80140 
          K93N-HN    122.046      8.121        11107 
          M94N-HN    121.483      8.215       461213 
          E96N-HN    123.232      8.310      -168766 
          G97N-HN    110.691      8.375        30937 
          D98N-HN    121.156      8.138       147180 
          E99N-HN    121.370      8.416       174941 
         G100N-HN    110.251      8.229        61738 
         G102N-HN    110.150      8.434       -24614 
         H103N-HN    119.147      8.001        38795 
         G108N-HN    110.344      8.484        91981 
         L109N-HN    122.431      8.131       160376 
         G110N-HN    110.797      8.483         3717 
         E111N-HN    121.014      8.183       -17380 
         G112N-HN    110.514      8.421       147427 
         T113N-HN    116.886      7.994        54149 
