      Assignment         w1         w2   Data Height 

           M5N-HN    122.326      8.208       137790 
           S6N-HN    121.759      9.711       -22881 
           Q7N-HN    121.463      9.001      -136771 
           L8N-HN    122.532      8.775        11501 
           E9N-HN    119.723      8.216       279028 
          R10N-HN    118.369      8.403        51715 
          N11N-HN    120.628      8.654       274244 
          I12N-HN    121.091      8.545      1370546 
          E13N-HN    120.486      8.694       708166 
          T14N-HN    114.720      8.128        71975 
          I15N-HN    126.215      8.047      3115754 
          I16N-HN    121.518      8.144      2221019 
          N17N-HN    118.982      8.705        67291 
          T18N-HN    119.903      8.695        52573 
          F19N-HN    122.333      8.515      2779626 
          H20N-HN    117.013      8.090       636838 
          Q21N-HN    120.903      8.059      1463893 
          Y22N-HN    113.855      7.120        42091 
          S23N-HN    115.050      8.629         1479 
          V24N-HN    117.398      7.210       113408 
          L26N-HN    118.285      9.851       -27869 
          D30N-HN    121.113     10.414      -111643 
          T31N-HN    106.760      7.409        57147 
          L32N-HN    125.161      9.402        34823 
          N33N-HN    125.032     10.106       -33463 
          Q34N-HN    118.127      8.843        63940 
          G35N-HN    107.335      8.159       182383 
          E36N-HN    123.360      8.398       -89990 
          F37N-HN    118.444      8.790       197449 
          K38N-HN    116.909      8.475       241763 
          E39N-HN    119.560      7.536       727773 
          L40N-HN    122.005      7.373      1524164 
          V41N-HN    118.559      8.028      3098836 
          R42N-HN    117.737      7.841      1017060 
          K43N-HN    116.840      7.946       -99147 
          D44N-HN    117.059      8.430       -63346 
          L45N-HN    122.945      7.269       889809 
          Q46N-HN    117.423      8.493       -71544 
          N47N-HN    117.488      9.949        30374 
          F48N-HN    122.234      9.227      -121958 
          L49N-HN    118.998      7.592       -31441 
          K50N-HN    121.224      6.857        24846 
          K51N-HN    119.219      8.460       124174 
          E52N-HN    123.042      9.619        31382 
          N53N-HN    113.874      8.015      1685337 
          K54N-HN    116.711      7.432       183567 
          N55N-HN    118.250      7.734        78440 
          K57N-HN    117.467      8.058      -118949 
          V58N-HN    121.344      7.591        70114 
          I59N-HN    119.734      7.403         3327 
          E60N-HN    119.296      8.061        66831 
          H61N-HN    120.287      7.965        30751 
          I62N-HN    121.971      8.254       -27293 
          M63N-HN    118.970      7.884       -23355 
          E64N-HN    116.777      7.825      -108097 
          D65N-HN    119.681      7.913       106996 
          L66N-HN    117.473      7.676       422128 
          D67N-HN    120.115      7.534         6667 
          T68N-HN    121.577      8.356      -114453 
          N69N-HN    116.556      7.753        -7611 
          A70N-HN    121.267      7.825        64433 
          D71N-HN    118.543      8.204       -53718 
          K72N-HN    117.625     10.309        20893 
          Q73N-HN    114.437      7.770        93834 
          L74N-HN    123.911     10.197       -51337 
          S75N-HN    120.879      9.070       768006 
          F76N-HN    124.932      9.568        10552 
          E77N-HN    116.450      8.981       -11142 
          E78N-HN    117.120      7.169      2395249 
          F79N-HN    119.660      8.616      2029508 
          M81N-HN    116.628      6.629      2101258 
          L82N-HN    124.256      8.384      2649839 
          M83N-HN    112.987      7.746      2609169 
          A84N-HN    117.715      7.254       256337 
          R85N-HN    116.543      7.478        14381 
          L86N-HN    118.690      7.142        14986 
          T87N-HN    112.361      7.609        -5618 
           W88N-H    122.986      7.558         4924 
          A89N-HN    123.955      7.890       140993 
          S90N-HN    114.543      8.071        21908 
          K93N-HN    122.046      8.121       184064 
          M94N-HN    121.483      8.215       198467 
          E96N-HN    123.232      8.310       -41870 
          G97N-HN    110.691      8.375       -85959 
          D98N-HN    121.156      8.138       -53709 
          E99N-HN    121.370      8.416       193987 
         G100N-HN    110.251      8.229        -9644 
         G102N-HN    110.150      8.434        72574 
         H103N-HN    119.147      8.001        48865 
         G108N-HN    110.344      8.484        60769 
         L109N-HN    122.431      8.131       143546 
         G110N-HN    110.797      8.483      -162724 
         E111N-HN    121.014      8.183      -140041 
         G112N-HN    110.514      8.421       -88213 
         T113N-HN    116.886      7.994        68403 
