      Assignment         w1         w2   Data Height 

           M5N-HN    122.326      8.208      -133104 
           S6N-HN    121.759      9.711      -102543 
           Q7N-HN    121.463      9.001       -99569 
           L8N-HN    122.532      8.775        71409 
           E9N-HN    119.723      8.216       256981 
          R10N-HN    118.369      8.403       -47628 
          N11N-HN    120.628      8.654       239947 
          I12N-HN    121.091      8.545      1890696 
          E13N-HN    120.486      8.694       712324 
          T14N-HN    114.720      8.128       -33855 
          I15N-HN    126.215      8.047      3276152 
          I16N-HN    121.518      8.144      2232226 
          N17N-HN    118.982      8.705       -20217 
          T18N-HN    119.903      8.695       139506 
          F19N-HN    122.333      8.515      3128405 
          H20N-HN    117.013      8.090       348093 
          Q21N-HN    120.903      8.059      1437369 
          Y22N-HN    113.855      7.120        77419 
          S23N-HN    115.050      8.629        63505 
          V24N-HN    117.398      7.210        61027 
          L26N-HN    118.285      9.851        12471 
          D30N-HN    121.113     10.414        50218 
          T31N-HN    106.760      7.409       -46519 
          L32N-HN    125.161      9.402      -124565 
          N33N-HN    125.032     10.106        19125 
          Q34N-HN    118.127      8.843       -45882 
          G35N-HN    107.335      8.159       147590 
          E36N-HN    123.360      8.398       -42834 
          F37N-HN    118.444      8.790       112618 
          K38N-HN    116.909      8.475        91942 
          E39N-HN    119.560      7.536       431740 
          L40N-HN    122.005      7.373      1458851 
          V41N-HN    118.559      8.028      2833093 
          R42N-HN    117.737      7.841       920235 
          K43N-HN    116.840      7.946        34403 
          D44N-HN    117.059      8.430       -38448 
          L45N-HN    122.945      7.269       590078 
          Q46N-HN    117.423      8.493        41057 
          N47N-HN    117.488      9.949       -40672 
          F48N-HN    122.234      9.227       -21819 
          L49N-HN    118.998      7.592       -68984 
          K50N-HN    121.224      6.857       -55242 
          K51N-HN    119.219      8.460       120465 
          E52N-HN    123.042      9.619       -41083 
          N53N-HN    113.874      8.015      2016746 
          K54N-HN    116.711      7.432       -72036 
          N55N-HN    118.250      7.734       112941 
          K57N-HN    117.467      8.058      -248210 
          V58N-HN    121.344      7.591       -91431 
          I59N-HN    119.734      7.403       -33550 
          E60N-HN    119.296      8.061      -118883 
          H61N-HN    120.287      7.965        95857 
          I62N-HN    121.971      8.254        33778 
          M63N-HN    118.970      7.884        37287 
          E64N-HN    116.777      7.825         8019 
          D65N-HN    119.681      7.913       -13411 
          L66N-HN    117.473      7.676       233794 
          D67N-HN    120.115      7.534      -188253 
          T68N-HN    121.577      8.356        16145 
          N69N-HN    116.556      7.753       -80126 
          A70N-HN    121.267      7.825        52657 
          D71N-HN    118.543      8.204       -54460 
          K72N-HN    117.625     10.309       108755 
          Q73N-HN    114.437      7.770       161593 
          L74N-HN    123.911     10.197       240937 
          S75N-HN    120.879      9.070       735619 
          F76N-HN    124.932      9.568       -67461 
          E77N-HN    116.450      8.981       -54737 
          E78N-HN    117.120      7.169      2559077 
          F79N-HN    119.660      8.616      2275666 
          M81N-HN    116.628      6.629      2530270 
          L82N-HN    124.256      8.384      2720883 
          M83N-HN    112.987      7.746      2873084 
          A84N-HN    117.715      7.254       118518 
          R85N-HN    116.543      7.478         8948 
          L86N-HN    118.690      7.142        17103 
          T87N-HN    112.361      7.609       -96613 
           W88N-H    122.986      7.558        26696 
          A89N-HN    123.955      7.890       -34179 
          S90N-HN    114.543      8.071      -123542 
          K93N-HN    122.046      8.121       -40255 
          M94N-HN    121.483      8.215       277819 
          E96N-HN    123.232      8.310       -43002 
          G97N-HN    110.691      8.375         2709 
          D98N-HN    121.156      8.138          937 
          E99N-HN    121.370      8.416       164429 
         G100N-HN    110.251      8.229       180868 
         G102N-HN    110.150      8.434       -39467 
         H103N-HN    119.147      8.001        -5047 
         G108N-HN    110.344      8.484        36853 
         L109N-HN    122.431      8.131        72445 
         G110N-HN    110.797      8.483       124300 
         E111N-HN    121.014      8.183        46627 
         G112N-HN    110.514      8.421      -105202 
         T113N-HN    116.886      7.994       195396 
