      Assignment         w1         w2   Data Height 

           M5N-HN    122.326      8.208        57677 
           S6N-HN    121.759      9.711        46144 
           Q7N-HN    121.463      9.001       101811 
           L8N-HN    122.532      8.775       -73215 
           E9N-HN    119.723      8.216       116676 
          R10N-HN    118.369      8.403       119396 
          N11N-HN    120.628      8.654       115795 
          I12N-HN    121.091      8.545      2057993 
          E13N-HN    120.486      8.694       208370 
          T14N-HN    114.720      8.128         2072 
          I15N-HN    126.215      8.047      2954845 
          I16N-HN    121.518      8.144      2624564 
          N17N-HN    118.982      8.705        -2774 
          T18N-HN    119.903      8.695       -13020 
          F19N-HN    122.333      8.515      3176101 
          H20N-HN    117.013      8.090       160516 
          Q21N-HN    120.903      8.059       280974 
          Y22N-HN    113.855      7.120       153419 
          S23N-HN    115.050      8.629        10859 
          V24N-HN    117.398      7.210       195434 
          L26N-HN    118.285      9.851       111769 
          D30N-HN    121.113     10.414       -63145 
          T31N-HN    106.760      7.409        69376 
          L32N-HN    125.161      9.402        16123 
          N33N-HN    125.032     10.106       -78999 
          Q34N-HN    118.127      8.843       -69817 
          G35N-HN    107.335      8.159        25750 
          E36N-HN    123.360      8.398      -154239 
          F37N-HN    118.444      8.790        -4917 
          K38N-HN    116.909      8.475        25215 
          E39N-HN    119.560      7.536       142253 
          L40N-HN    122.005      7.373       890556 
          V41N-HN    118.559      8.028      2400592 
          R42N-HN    117.737      7.841       640643 
          K43N-HN    116.840      7.946        95559 
          D44N-HN    117.059      8.430        55450 
          L45N-HN    122.945      7.269       247490 
          Q46N-HN    117.423      8.493       -72147 
          N47N-HN    117.488      9.949         7929 
          F48N-HN    122.234      9.227         7554 
          L49N-HN    118.998      7.592        13159 
          K50N-HN    121.224      6.857        -9372 
          K51N-HN    119.219      8.460        95943 
          E52N-HN    123.042      9.619        26384 
          N53N-HN    113.874      8.015      2020691 
          K54N-HN    116.711      7.432       -87586 
          N55N-HN    118.250      7.734        48053 
          K57N-HN    117.467      8.058      -263109 
          V58N-HN    121.344      7.591        98797 
          I59N-HN    119.734      7.403       -41568 
          E60N-HN    119.296      8.061        44209 
          H61N-HN    120.287      7.965       -89568 
          I62N-HN    121.971      8.254        88036 
          M63N-HN    118.970      7.884        72068 
          E64N-HN    116.777      7.825        98040 
          D65N-HN    119.681      7.913        46897 
          L66N-HN    117.473      7.676       156145 
          D67N-HN    120.115      7.534       119709 
          T68N-HN    121.577      8.356       137608 
          N69N-HN    116.556      7.753         6350 
          A70N-HN    121.267      7.825       135894 
          D71N-HN    118.543      8.204       173832 
          K72N-HN    117.625     10.309        89572 
          Q73N-HN    114.437      7.770        48869 
          L74N-HN    123.911     10.197        81316 
          S75N-HN    120.879      9.070       689281 
          F76N-HN    124.932      9.568       -93583 
          E77N-HN    116.450      8.981         3317 
          E78N-HN    117.120      7.169      2116422 
          F79N-HN    119.660      8.616      2638097 
          M81N-HN    116.628      6.629      1924972 
          L82N-HN    124.256      8.384      3013975 
          M83N-HN    112.987      7.746      3042422 
          A84N-HN    117.715      7.254        47930 
          R85N-HN    116.543      7.478        34508 
          L86N-HN    118.690      7.142        76052 
          T87N-HN    112.361      7.609        69712 
           W88N-H    122.986      7.558        61192 
          A89N-HN    123.955      7.890      -104688 
          S90N-HN    114.543      8.071        78774 
          K93N-HN    122.046      8.121        17820 
          M94N-HN    121.483      8.215       283510 
          E96N-HN    123.232      8.310        95030 
          G97N-HN    110.691      8.375       -35000 
          D98N-HN    121.156      8.138      -247984 
          E99N-HN    121.370      8.416        12268 
         G100N-HN    110.251      8.229        36138 
         G102N-HN    110.150      8.434       -50284 
         H103N-HN    119.147      8.001       124219 
         G108N-HN    110.344      8.484       -20972 
         L109N-HN    122.431      8.131       135408 
         G110N-HN    110.797      8.483        91722 
         E111N-HN    121.014      8.183       124792 
         G112N-HN    110.514      8.421       210980 
         T113N-HN    116.886      7.994       -48279 
