      Assignment         w1         w2   Data Height 

           M5N-HN    122.326      8.208        48255 
           S6N-HN    121.759      9.711        42324 
           Q7N-HN    121.463      9.001        12545 
           L8N-HN    122.532      8.775       106534 
           E9N-HN    119.723      8.216       -56800 
          R10N-HN    118.369      8.403       -39272 
          N11N-HN    120.628      8.654        76002 
          I12N-HN    121.091      8.545      1446320 
          E13N-HN    120.486      8.694       194786 
          T14N-HN    114.720      8.128       -16299 
          I15N-HN    126.215      8.047      2792673 
          I16N-HN    121.518      8.144      2112246 
          N17N-HN    118.982      8.705        88373 
          T18N-HN    119.903      8.695        72938 
          F19N-HN    122.333      8.515      3097897 
          H20N-HN    117.013      8.090       172684 
          Q21N-HN    120.903      8.059       115864 
          Y22N-HN    113.855      7.120        70639 
          S23N-HN    115.050      8.629         5364 
          V24N-HN    117.398      7.210       200423 
          L26N-HN    118.285      9.851        -5941 
          D30N-HN    121.113     10.414       -26476 
          T31N-HN    106.760      7.409        81695 
          L32N-HN    125.161      9.402        63531 
          N33N-HN    125.032     10.106      -162558 
          Q34N-HN    118.127      8.843        82563 
          G35N-HN    107.335      8.159        -9492 
          E36N-HN    123.360      8.398      -348444 
          F37N-HN    118.444      8.790       188128 
          K38N-HN    116.909      8.475       106448 
          E39N-HN    119.560      7.536       237567 
          L40N-HN    122.005      7.373       256782 
          V41N-HN    118.559      8.028      2067397 
          R42N-HN    117.737      7.841        29347 
          K43N-HN    116.840      7.946       -17983 
          D44N-HN    117.059      8.430        51896 
          L45N-HN    122.945      7.269        75095 
          Q46N-HN    117.423      8.493        12352 
          N47N-HN    117.488      9.949        59195 
          F48N-HN    122.234      9.227        85046 
          L49N-HN    118.998      7.592       -81703 
          K50N-HN    121.224      6.857        71786 
          K51N-HN    119.219      8.460       110844 
          E52N-HN    123.042      9.619      -110472 
          N53N-HN    113.874      8.015      2054222 
          K54N-HN    116.711      7.432        98393 
          N55N-HN    118.250      7.734        -8390 
          K57N-HN    117.467      8.058       -94617 
          V58N-HN    121.344      7.591        86303 
          I59N-HN    119.734      7.403         7289 
          E60N-HN    119.296      8.061       -49349 
          H61N-HN    120.287      7.965      -134555 
          I62N-HN    121.971      8.254        34429 
          M63N-HN    118.970      7.884        72036 
          E64N-HN    116.777      7.825        84836 
          D65N-HN    119.681      7.913       -59390 
          L66N-HN    117.473      7.676        44541 
          D67N-HN    120.115      7.534        69875 
          T68N-HN    121.577      8.356        18339 
          N69N-HN    116.556      7.753       -49902 
          A70N-HN    121.267      7.825      -106063 
          D71N-HN    118.543      8.204        31533 
          K72N-HN    117.625     10.309       151898 
          Q73N-HN    114.437      7.770       -62043 
          L74N-HN    123.911     10.197       -40563 
          S75N-HN    120.879      9.070       131823 
          F76N-HN    124.932      9.568        78468 
          E77N-HN    116.450      8.981        20440 
          E78N-HN    117.120      7.169      1983062 
          F79N-HN    119.660      8.616      2515946 
          M81N-HN    116.628      6.629      1711269 
          L82N-HN    124.256      8.384      2941192 
          M83N-HN    112.987      7.746      2815068 
          A84N-HN    117.715      7.254        44207 
          R85N-HN    116.543      7.478       -25752 
          L86N-HN    118.690      7.142        97193 
          T87N-HN    112.361      7.609       106816 
           W88N-H    122.986      7.558      -115046 
          A89N-HN    123.955      7.890       -39114 
          S90N-HN    114.543      8.071        33752 
          K93N-HN    122.046      8.121        89306 
          M94N-HN    121.483      8.215       578847 
          E96N-HN    123.232      8.310       -65561 
          G97N-HN    110.691      8.375       -24003 
          D98N-HN    121.156      8.138       -99450 
          E99N-HN    121.370      8.416       146291 
         G100N-HN    110.251      8.229        49759 
         G102N-HN    110.150      8.434        63244 
         H103N-HN    119.147      8.001       -94848 
         G108N-HN    110.344      8.484      -103956 
         L109N-HN    122.431      8.131        -4626 
         G110N-HN    110.797      8.483       -54838 
         E111N-HN    121.014      8.183      -117745 
         G112N-HN    110.514      8.421       -35334 
         T113N-HN    116.886      7.994        49377 
