      Assignment         w1         w2   Data Height 

           M5N-HN    122.326      8.208        22402 
           S6N-HN    121.759      9.711       -57811 
           Q7N-HN    121.463      9.001        97206 
           L8N-HN    122.532      8.775        94639 
           E9N-HN    119.723      8.216        87169 
          R10N-HN    118.369      8.403       -27411 
          N11N-HN    120.628      8.654        48161 
          I12N-HN    121.091      8.545      1360992 
          E13N-HN    120.486      8.694        82571 
          T14N-HN    114.720      8.128        66974 
          I15N-HN    126.215      8.047      2484257 
          I16N-HN    121.518      8.144      2223504 
          N17N-HN    118.982      8.705       -67304 
          T18N-HN    119.903      8.695       -25991 
          F19N-HN    122.333      8.515      2913018 
          H20N-HN    117.013      8.090        52351 
          Q21N-HN    120.903      8.059       290177 
          Y22N-HN    113.855      7.120       144765 
          S23N-HN    115.050      8.629       -87485 
          V24N-HN    117.398      7.210       118901 
          L26N-HN    118.285      9.851          460 
          D30N-HN    121.113     10.414        10036 
          T31N-HN    106.760      7.409        36675 
          L32N-HN    125.161      9.402        67690 
          N33N-HN    125.032     10.106        29794 
          Q34N-HN    118.127      8.843      -101377 
          G35N-HN    107.335      8.159       157191 
          E36N-HN    123.360      8.398       -87189 
          F37N-HN    118.444      8.790       -15905 
          K38N-HN    116.909      8.475         5815 
          E39N-HN    119.560      7.536       161016 
          L40N-HN    122.005      7.373        43940 
          V41N-HN    118.559      8.028      1450505 
          R42N-HN    117.737      7.841       187777 
          K43N-HN    116.840      7.946         8502 
          D44N-HN    117.059      8.430        58302 
          L45N-HN    122.945      7.269        11675 
          Q46N-HN    117.423      8.493       -60969 
          N47N-HN    117.488      9.949       -26829 
          F48N-HN    122.234      9.227       -41043 
          L49N-HN    118.998      7.592       -11281 
          K50N-HN    121.224      6.857       -57647 
          K51N-HN    119.219      8.460       -72807 
          E52N-HN    123.042      9.619        38231 
          N53N-HN    113.874      8.015      2282116 
          K54N-HN    116.711      7.432        43439 
          N55N-HN    118.250      7.734       -22272 
          K57N-HN    117.467      8.058       -51205 
          V58N-HN    121.344      7.591         9836 
          I59N-HN    119.734      7.403        -1936 
          E60N-HN    119.296      8.061        88945 
          H61N-HN    120.287      7.965        -6013 
          I62N-HN    121.971      8.254        66573 
          M63N-HN    118.970      7.884       -10499 
          E64N-HN    116.777      7.825       -94751 
          D65N-HN    119.681      7.913       -45204 
          L66N-HN    117.473      7.676        -4032 
          D67N-HN    120.115      7.534       -47850 
          T68N-HN    121.577      8.356        36770 
          N69N-HN    116.556      7.753        32752 
          A70N-HN    121.267      7.825        83940 
          D71N-HN    118.543      8.204       148305 
          K72N-HN    117.625     10.309       -15223 
          Q73N-HN    114.437      7.770       178710 
          L74N-HN    123.911     10.197        -1123 
          S75N-HN    120.879      9.070       256964 
          F76N-HN    124.932      9.568       -66564 
          E77N-HN    116.450      8.981       -38330 
          E78N-HN    117.120      7.169      1732155 
          F79N-HN    119.660      8.616      2984833 
          M81N-HN    116.628      6.629      1661562 
          L82N-HN    124.256      8.384      3430318 
          M83N-HN    112.987      7.746      3059606 
          A84N-HN    117.715      7.254       115921 
          R85N-HN    116.543      7.478       -16529 
          L86N-HN    118.690      7.142       -89413 
          T87N-HN    112.361      7.609        -7942 
           W88N-H    122.986      7.558        81499 
          A89N-HN    123.955      7.890       -29812 
          S90N-HN    114.543      8.071        78365 
          K93N-HN    122.046      8.121        59786 
          M94N-HN    121.483      8.215       420767 
          E96N-HN    123.232      8.310        56795 
          G97N-HN    110.691      8.375      -137945 
          D98N-HN    121.156      8.138       -10090 
          E99N-HN    121.370      8.416       264474 
         G100N-HN    110.251      8.229        83857 
         G102N-HN    110.150      8.434       -62303 
         H103N-HN    119.147      8.001       134139 
         G108N-HN    110.344      8.484       -19410 
         L109N-HN    122.431      8.131        29083 
         G110N-HN    110.797      8.483       -21806 
         E111N-HN    121.014      8.183        14504 
         G112N-HN    110.514      8.421       -45747 
         T113N-HN    116.886      7.994       -55022 
