      Assignment         w1         w2   Data Height 

           M5N-HN    122.326      8.208       151562 
           S6N-HN    121.759      9.711        38751 
           Q7N-HN    121.463      9.001        75813 
           L8N-HN    122.532      8.775        59510 
           E9N-HN    119.723      8.216       -84391 
          R10N-HN    118.369      8.403        62787 
          N11N-HN    120.628      8.654        39580 
          I12N-HN    121.091      8.545      1341895 
          E13N-HN    120.486      8.694         9702 
          T14N-HN    114.720      8.128       -52655 
          I15N-HN    126.215      8.047      2351318 
          I16N-HN    121.518      8.144      2279933 
          N17N-HN    118.982      8.705         -590 
          T18N-HN    119.903      8.695       107216 
          F19N-HN    122.333      8.515      2648802 
          H20N-HN    117.013      8.090         9693 
          Q21N-HN    120.903      8.059       277484 
          Y22N-HN    113.855      7.120        82630 
          S23N-HN    115.050      8.629        44315 
          V24N-HN    117.398      7.210        95399 
          L26N-HN    118.285      9.851        29553 
          D30N-HN    121.113     10.414        -3381 
          T31N-HN    106.760      7.409        64003 
          L32N-HN    125.161      9.402        92794 
          N33N-HN    125.032     10.106      -118197 
          Q34N-HN    118.127      8.843        42603 
          G35N-HN    107.335      8.159        72602 
          E36N-HN    123.360      8.398      -222618 
          F37N-HN    118.444      8.790         4050 
          K38N-HN    116.909      8.475        90448 
          E39N-HN    119.560      7.536       121029 
          L40N-HN    122.005      7.373       290935 
          V41N-HN    118.559      8.028      1254286 
          R42N-HN    117.737      7.841       226770 
          K43N-HN    116.840      7.946       -38553 
          D44N-HN    117.059      8.430        15271 
          L45N-HN    122.945      7.269        -1638 
          Q46N-HN    117.423      8.493        66565 
          N47N-HN    117.488      9.949       -78864 
          F48N-HN    122.234      9.227        44885 
          L49N-HN    118.998      7.592        -5702 
          K50N-HN    121.224      6.857       -49871 
          K51N-HN    119.219      8.460        17408 
          E52N-HN    123.042      9.619       -12977 
          N53N-HN    113.874      8.015      2494930 
          K54N-HN    116.711      7.432        -7633 
          N55N-HN    118.250      7.734       -33096 
          K57N-HN    117.467      8.058      -237824 
          V58N-HN    121.344      7.591        96528 
          I59N-HN    119.734      7.403       -21591 
          E60N-HN    119.296      8.061       114176 
          H61N-HN    120.287      7.965        33557 
          I62N-HN    121.971      8.254       107318 
          M63N-HN    118.970      7.884       -56114 
          E64N-HN    116.777      7.825        31144 
          D65N-HN    119.681      7.913        34463 
          L66N-HN    117.473      7.676       200392 
          D67N-HN    120.115      7.534        90204 
          T68N-HN    121.577      8.356       148372 
          N69N-HN    116.556      7.753        57136 
          A70N-HN    121.267      7.825       -33424 
          D71N-HN    118.543      8.204        94326 
          K72N-HN    117.625     10.309       -55795 
          Q73N-HN    114.437      7.770        -2034 
          L74N-HN    123.911     10.197       141013 
          S75N-HN    120.879      9.070       261523 
          F76N-HN    124.932      9.568       -65577 
          E77N-HN    116.450      8.981      -117703 
          E78N-HN    117.120      7.169      1415456 
          F79N-HN    119.660      8.616      3121361 
          M81N-HN    116.628      6.629      1566370 
          L82N-HN    124.256      8.384      3438321 
          M83N-HN    112.987      7.746      2913604 
          A84N-HN    117.715      7.254        32894 
          R85N-HN    116.543      7.478        -5820 
          L86N-HN    118.690      7.142         6751 
          T87N-HN    112.361      7.609        94448 
           W88N-H    122.986      7.558        -9321 
          A89N-HN    123.955      7.890        51689 
          S90N-HN    114.543      8.071       -26325 
          K93N-HN    122.046      8.121      -104795 
          M94N-HN    121.483      8.215       391611 
          E96N-HN    123.232      8.310       -73123 
          G97N-HN    110.691      8.375       104594 
          D98N-HN    121.156      8.138      -181975 
          E99N-HN    121.370      8.416       104704 
         G100N-HN    110.251      8.229       265331 
         G102N-HN    110.150      8.434       -64207 
         H103N-HN    119.147      8.001       -46474 
         G108N-HN    110.344      8.484        27413 
         L109N-HN    122.431      8.131       189983 
         G110N-HN    110.797      8.483        14754 
         E111N-HN    121.014      8.183       120436 
         G112N-HN    110.514      8.421       -35129 
         T113N-HN    116.886      7.994        45782 
