      Assignment         w1         w2   Data Height 

           M5N-HN    122.326      8.208        39486 
           S6N-HN    121.759      9.711        62090 
           Q7N-HN    121.463      9.001       -70889 
           L8N-HN    122.532      8.775        85354 
           E9N-HN    119.723      8.216       -73886 
          R10N-HN    118.369      8.403       -56838 
          N11N-HN    120.628      8.654       -16065 
          I12N-HN    121.091      8.545       751626 
          E13N-HN    120.486      8.694       197471 
          T14N-HN    114.720      8.128       -11801 
          I15N-HN    126.215      8.047      1711964 
          I16N-HN    121.518      8.144      2358864 
          N17N-HN    118.982      8.705       -67292 
          T18N-HN    119.903      8.695         9734 
          F19N-HN    122.333      8.515      2729036 
          H20N-HN    117.013      8.090       121980 
          Q21N-HN    120.903      8.059       -43960 
          Y22N-HN    113.855      7.120        19439 
          S23N-HN    115.050      8.629         1971 
          V24N-HN    117.398      7.210        51304 
          L26N-HN    118.285      9.851        10589 
          D30N-HN    121.113     10.414      -195852 
          T31N-HN    106.760      7.409        -8488 
          L32N-HN    125.161      9.402       -84154 
          N33N-HN    125.032     10.106        56314 
          Q34N-HN    118.127      8.843        51344 
          G35N-HN    107.335      8.159       125795 
          E36N-HN    123.360      8.398      -443818 
          F37N-HN    118.444      8.790      -123897 
          K38N-HN    116.909      8.475        35801 
          E39N-HN    119.560      7.536        -6907 
          L40N-HN    122.005      7.373       190641 
          V41N-HN    118.559      8.028       965448 
          R42N-HN    117.737      7.841       168570 
          K43N-HN    116.840      7.946        18260 
          D44N-HN    117.059      8.430       -91833 
          L45N-HN    122.945      7.269        18754 
          Q46N-HN    117.423      8.493       -12442 
          N47N-HN    117.488      9.949        57370 
          F48N-HN    122.234      9.227        63244 
          L49N-HN    118.998      7.592         5084 
          K50N-HN    121.224      6.857       -70998 
          K51N-HN    119.219      8.460      -121170 
          E52N-HN    123.042      9.619      -143859 
          N53N-HN    113.874      8.015      2426056 
          K54N-HN    116.711      7.432        97620 
          N55N-HN    118.250      7.734       -13053 
          K57N-HN    117.467      8.058        -8736 
          V58N-HN    121.344      7.591          938 
          I59N-HN    119.734      7.403       107667 
          E60N-HN    119.296      8.061       -84378 
          H61N-HN    120.287      7.965       -28746 
          I62N-HN    121.971      8.254       117591 
          M63N-HN    118.970      7.884       -51623 
          E64N-HN    116.777      7.825       -76580 
          D65N-HN    119.681      7.913       115396 
          L66N-HN    117.473      7.676       -13862 
          D67N-HN    120.115      7.534       -54641 
          T68N-HN    121.577      8.356        28963 
          N69N-HN    116.556      7.753        32124 
          A70N-HN    121.267      7.825       -46782 
          D71N-HN    118.543      8.204       -42043 
          K72N-HN    117.625     10.309       -59371 
          Q73N-HN    114.437      7.770        23395 
          L74N-HN    123.911     10.197       106727 
          S75N-HN    120.879      9.070       -35251 
          F76N-HN    124.932      9.568        22669 
          E77N-HN    116.450      8.981       -72694 
          E78N-HN    117.120      7.169       928144 
          F79N-HN    119.660      8.616      3054692 
          M81N-HN    116.628      6.629       977659 
          L82N-HN    124.256      8.384      4076918 
          M83N-HN    112.987      7.746      3254096 
          A84N-HN    117.715      7.254        65361 
          R85N-HN    116.543      7.478      -106024 
          L86N-HN    118.690      7.142      -104326 
          T87N-HN    112.361      7.609        36304 
           W88N-H    122.986      7.558        56266 
          A89N-HN    123.955      7.890       -73872 
          S90N-HN    114.543      8.071        99242 
          K93N-HN    122.046      8.121       120167 
          M94N-HN    121.483      8.215       346553 
          E96N-HN    123.232      8.310        72752 
          G97N-HN    110.691      8.375        -8163 
          D98N-HN    121.156      8.138       -92087 
          E99N-HN    121.370      8.416        13922 
         G100N-HN    110.251      8.229        99950 
         G102N-HN    110.150      8.434       179270 
         H103N-HN    119.147      8.001       -12649 
         G108N-HN    110.344      8.484       -42991 
         L109N-HN    122.431      8.131        36981 
         G110N-HN    110.797      8.483      -114441 
         E111N-HN    121.014      8.183        -5959 
         G112N-HN    110.514      8.421       112248 
         T113N-HN    116.886      7.994        95511 
