      Assignment         w1         w2   Data Height 

           M5N-HN    122.326      8.208        72146 
           S6N-HN    121.759      9.711       137434 
           Q7N-HN    121.463      9.001        99128 
           L8N-HN    122.532      8.775      -229531 
           E9N-HN    119.723      8.216        39624 
          R10N-HN    118.369      8.403        51150 
          N11N-HN    120.628      8.654         8749 
          I12N-HN    121.091      8.545       245259 
          E13N-HN    120.486      8.694      -190710 
          T14N-HN    114.720      8.128         5370 
          I15N-HN    126.215      8.047       941058 
          I16N-HN    121.518      8.144      1906771 
          N17N-HN    118.982      8.705        -5225 
          T18N-HN    119.903      8.695       220406 
          F19N-HN    122.333      8.515      1949508 
          H20N-HN    117.013      8.090         1154 
          Q21N-HN    120.903      8.059        24139 
          Y22N-HN    113.855      7.120        13870 
          S23N-HN    115.050      8.629       208946 
          V24N-HN    117.398      7.210       -32224 
          L26N-HN    118.285      9.851       -11039 
          D30N-HN    121.113     10.414        45628 
          T31N-HN    106.760      7.409       -49703 
          L32N-HN    125.161      9.402        68698 
          N33N-HN    125.032     10.106       -17783 
          Q34N-HN    118.127      8.843        67026 
          G35N-HN    107.335      8.159        17372 
          E36N-HN    123.360      8.398      -235663 
          F37N-HN    118.444      8.790        68524 
          K38N-HN    116.909      8.475         4129 
          E39N-HN    119.560      7.536         6947 
          L40N-HN    122.005      7.373         8768 
          V41N-HN    118.559      8.028       342078 
          R42N-HN    117.737      7.841       259299 
          K43N-HN    116.840      7.946        40887 
          D44N-HN    117.059      8.430       -66072 
          L45N-HN    122.945      7.269        -5366 
          Q46N-HN    117.423      8.493       144023 
          N47N-HN    117.488      9.949       -30263 
          F48N-HN    122.234      9.227        50364 
          L49N-HN    118.998      7.592      -138004 
          K50N-HN    121.224      6.857       -42256 
          K51N-HN    119.219      8.460       -52254 
          E52N-HN    123.042      9.619       165019 
          N53N-HN    113.874      8.015      2952040 
          K54N-HN    116.711      7.432       -30689 
          N55N-HN    118.250      7.734       -78921 
          K57N-HN    117.467      8.058        28843 
          V58N-HN    121.344      7.591       -36873 
          I59N-HN    119.734      7.403        63875 
          E60N-HN    119.296      8.061      -129208 
          H61N-HN    120.287      7.965       -30805 
          I62N-HN    121.971      8.254       -81511 
          M63N-HN    118.970      7.884      -156188 
          E64N-HN    116.777      7.825        -1494 
          D65N-HN    119.681      7.913      -144438 
          L66N-HN    117.473      7.676         7503 
          D67N-HN    120.115      7.534       -31918 
          T68N-HN    121.577      8.356        52201 
          N69N-HN    116.556      7.753       -81793 
          A70N-HN    121.267      7.825       -15900 
          D71N-HN    118.543      8.204        61114 
          K72N-HN    117.625     10.309        56488 
          Q73N-HN    114.437      7.770        -1466 
          L74N-HN    123.911     10.197         5397 
          S75N-HN    120.879      9.070        41493 
          F76N-HN    124.932      9.568        41259 
          E77N-HN    116.450      8.981      -138794 
          E78N-HN    117.120      7.169       330724 
          F79N-HN    119.660      8.616      3511852 
          M81N-HN    116.628      6.629       286964 
          L82N-HN    124.256      8.384      4295166 
          M83N-HN    112.987      7.746      3171158 
          A84N-HN    117.715      7.254       113949 
          R85N-HN    116.543      7.478         4007 
          L86N-HN    118.690      7.142       122732 
          T87N-HN    112.361      7.609       -47273 
           W88N-H    122.986      7.558       140872 
          A89N-HN    123.955      7.890      -137732 
          S90N-HN    114.543      8.071        95479 
          K93N-HN    122.046      8.121       -74059 
          M94N-HN    121.483      8.215       301031 
          E96N-HN    123.232      8.310       -49109 
          G97N-HN    110.691      8.375        70335 
          D98N-HN    121.156      8.138      -127154 
          E99N-HN    121.370      8.416       182325 
         G100N-HN    110.251      8.229        28740 
         G102N-HN    110.150      8.434         2619 
         H103N-HN    119.147      8.001       -63855 
         G108N-HN    110.344      8.484        89453 
         L109N-HN    122.431      8.131        93324 
         G110N-HN    110.797      8.483       104266 
         E111N-HN    121.014      8.183      -132784 
         G112N-HN    110.514      8.421        81199 
         T113N-HN    116.886      7.994       130399 
