      Assignment         w1         w2   Data Height 

           M5N-HN    122.326      8.208        67518 
           S6N-HN    121.759      9.711       -56743 
           Q7N-HN    121.463      9.001       -46764 
           L8N-HN    122.532      8.775      -112745 
           E9N-HN    119.723      8.216      1660793 
          R10N-HN    118.369      8.403       108950 
          N11N-HN    120.628      8.654      2283170 
          I12N-HN    121.091      8.545      1523478 
          E13N-HN    120.486      8.694      1603058 
          T14N-HN    114.720      8.128       295575 
          I15N-HN    126.215      8.047      3469708 
          I16N-HN    121.518      8.144      1840427 
          N17N-HN    118.982      8.705      1016221 
          T18N-HN    119.903      8.695       624681 
          F19N-HN    122.333      8.515      2432933 
          H20N-HN    117.013      8.090      1753855 
          Q21N-HN    120.903      8.059      4134642 
          Y22N-HN    113.855      7.120      1156422 
          S23N-HN    115.050      8.629       176351 
          V24N-HN    117.398      7.210       739802 
          L26N-HN    118.285      9.851        20265 
          D30N-HN    121.113     10.414       -45032 
          T31N-HN    106.760      7.409       772060 
          L32N-HN    125.161      9.402       267986 
          N33N-HN    125.032     10.106      -107826 
          Q34N-HN    118.127      8.843       -77903 
          G35N-HN    107.335      8.159        63811 
          E36N-HN    123.360      8.398      -255884 
          F37N-HN    118.444      8.790       643900 
          K38N-HN    116.909      8.475      2112691 
          E39N-HN    119.560      7.536      3348594 
          L40N-HN    122.005      7.373      2652314 
          V41N-HN    118.559      8.028      2575070 
          R42N-HN    117.737      7.841      3486484 
          K43N-HN    116.840      7.946      -153513 
          D44N-HN    117.059      8.430       756086 
          L45N-HN    122.945      7.269      2225221 
          Q46N-HN    117.423      8.493       -97919 
          N47N-HN    117.488      9.949       -83630 
          F48N-HN    122.234      9.227      -131501 
          L49N-HN    118.998      7.592      -227705 
          K50N-HN    121.224      6.857        71896 
          K51N-HN    119.219      8.460        83447 
          E52N-HN    123.042      9.619       139829 
          N53N-HN    113.874      8.015      1963253 
          K54N-HN    116.711      7.432        31183 
          N55N-HN    118.250      7.734        26412 
          K57N-HN    117.467      8.058      -116587 
          V58N-HN    121.344      7.591        47643 
          I59N-HN    119.734      7.403       119134 
          E60N-HN    119.296      8.061       -62633 
          H61N-HN    120.287      7.965       134996 
          I62N-HN    121.971      8.254        43767 
          M63N-HN    118.970      7.884        70755 
          E64N-HN    116.777      7.825      -215486 
          D65N-HN    119.681      7.913       -18367 
          L66N-HN    117.473      7.676      2481562 
          D67N-HN    120.115      7.534        64570 
          T68N-HN    121.577      8.356       170501 
          N69N-HN    116.556      7.753       -37454 
          A70N-HN    121.267      7.825       149004 
          D71N-HN    118.543      8.204       168292 
          K72N-HN    117.625     10.309       836360 
          Q73N-HN    114.437      7.770       787757 
          L74N-HN    123.911     10.197       565883 
          S75N-HN    120.879      9.070      1568777 
          F76N-HN    124.932      9.568       102259 
          E77N-HN    116.450      8.981       158772 
          E78N-HN    117.120      7.169      2563951 
          F79N-HN    119.660      8.616      2071833 
          M81N-HN    116.628      6.629      2628042 
          L82N-HN    124.256      8.384      2925090 
          M83N-HN    112.987      7.746      2396951 
          A84N-HN    117.715      7.254      1899638 
          R85N-HN    116.543      7.478        26873 
          L86N-HN    118.690      7.142        35820 
          T87N-HN    112.361      7.609       -81789 
           W88N-H    122.986      7.558        60202 
          A89N-HN    123.955      7.890       -68126 
          S90N-HN    114.543      8.071       -34283 
          K93N-HN    122.046      8.121        57337 
          M94N-HN    121.483      8.215       265424 
          E96N-HN    123.232      8.310        25039 
          G97N-HN    110.691      8.375        -5851 
          D98N-HN    121.156      8.138      -111607 
          E99N-HN    121.370      8.416        41005 
         G100N-HN    110.251      8.229        29911 
         G102N-HN    110.150      8.434        65587 
         H103N-HN    119.147      8.001       232157 
         G108N-HN    110.344      8.484       -13462 
         L109N-HN    122.431      8.131        97225 
         G110N-HN    110.797      8.483       -40279 
         E111N-HN    121.014      8.183        50920 
         G112N-HN    110.514      8.421       176981 
         T113N-HN    116.886      7.994       224898 
