      Assignment         w1         w2   Data Height 

           M5N-HN    122.326      8.208        30156 
           S6N-HN    121.759      9.711       -96831 
           Q7N-HN    121.463      9.001       -21730 
           L8N-HN    122.532      8.775       -64670 
           E9N-HN    119.723      8.216      1151610 
          R10N-HN    118.369      8.403       156055 
          N11N-HN    120.628      8.654      1274481 
          I12N-HN    121.091      8.545      1577665 
          E13N-HN    120.486      8.694      1080722 
          T14N-HN    114.720      8.128        92021 
          I15N-HN    126.215      8.047      3013878 
          I16N-HN    121.518      8.144      2147678 
          N17N-HN    118.982      8.705       374936 
          T18N-HN    119.903      8.695       408308 
          F19N-HN    122.333      8.515      2509256 
          H20N-HN    117.013      8.090      1242672 
          Q21N-HN    120.903      8.059      3359436 
          Y22N-HN    113.855      7.120       436196 
          S23N-HN    115.050      8.629       -52505 
          V24N-HN    117.398      7.210       465410 
          L26N-HN    118.285      9.851       156743 
          D30N-HN    121.113     10.414       -78406 
          T31N-HN    106.760      7.409       320581 
          L32N-HN    125.161      9.402         5582 
          N33N-HN    125.032     10.106      -121580 
          Q34N-HN    118.127      8.843        87883 
          G35N-HN    107.335      8.159        87698 
          E36N-HN    123.360      8.398       -97287 
          F37N-HN    118.444      8.790       246092 
          K38N-HN    116.909      8.475       985546 
          E39N-HN    119.560      7.536      2327634 
          L40N-HN    122.005      7.373      2246766 
          V41N-HN    118.559      8.028      2737227 
          R42N-HN    117.737      7.841      2730284 
          K43N-HN    116.840      7.946        39489 
          D44N-HN    117.059      8.430       193034 
          L45N-HN    122.945      7.269      1837951 
          Q46N-HN    117.423      8.493       193821 
          N47N-HN    117.488      9.949       -87135 
          F48N-HN    122.234      9.227        -3342 
          L49N-HN    118.998      7.592        -6461 
          K50N-HN    121.224      6.857       -44327 
          K51N-HN    119.219      8.460         5447 
          E52N-HN    123.042      9.619       -63686 
          N53N-HN    113.874      8.015      1783774 
          K54N-HN    116.711      7.432        20524 
          N55N-HN    118.250      7.734        30627 
          K57N-HN    117.467      8.058      -215085 
          V58N-HN    121.344      7.591       121323 
          I59N-HN    119.734      7.403      -151180 
          E60N-HN    119.296      8.061        52199 
          H61N-HN    120.287      7.965       -55520 
          I62N-HN    121.971      8.254       -21757 
          M63N-HN    118.970      7.884        20291 
          E64N-HN    116.777      7.825      -246690 
          D65N-HN    119.681      7.913       -27779 
          L66N-HN    117.473      7.676      1762626 
          D67N-HN    120.115      7.534       -18299 
          T68N-HN    121.577      8.356       127131 
          N69N-HN    116.556      7.753        14932 
          A70N-HN    121.267      7.825        26656 
          D71N-HN    118.543      8.204       -40504 
          K72N-HN    117.625     10.309       183362 
          Q73N-HN    114.437      7.770       446158 
          L74N-HN    123.911     10.197       179355 
          S75N-HN    120.879      9.070      1072714 
          F76N-HN    124.932      9.568        84705 
          E77N-HN    116.450      8.981       -41530 
          E78N-HN    117.120      7.169      2743677 
          F79N-HN    119.660      8.616      2242602 
          M81N-HN    116.628      6.629      2489656 
          L82N-HN    124.256      8.384      2673574 
          M83N-HN    112.987      7.746      2474358 
          A84N-HN    117.715      7.254      1000862 
          R85N-HN    116.543      7.478      -130153 
          L86N-HN    118.690      7.142        78817 
          T87N-HN    112.361      7.609       -24012 
           W88N-H    122.986      7.558        -7417 
          A89N-HN    123.955      7.890       101455 
          S90N-HN    114.543      8.071       122042 
          K93N-HN    122.046      8.121       -16669 
          M94N-HN    121.483      8.215       234105 
          E96N-HN    123.232      8.310        57331 
          G97N-HN    110.691      8.375       107007 
          D98N-HN    121.156      8.138       129320 
          E99N-HN    121.370      8.416       100606 
         G100N-HN    110.251      8.229       267799 
         G102N-HN    110.150      8.434        62215 
         H103N-HN    119.147      8.001       113085 
         G108N-HN    110.344      8.484       -83331 
         L109N-HN    122.431      8.131       119049 
         G110N-HN    110.797      8.483       -58741 
         E111N-HN    121.014      8.183       -89500 
         G112N-HN    110.514      8.421         8007 
         T113N-HN    116.886      7.994        96937 
