      Assignment         w1         w2   Data Height 

           M5N-HN    122.326      8.208        59956 
           S6N-HN    121.759      9.711       -66057 
           Q7N-HN    121.463      9.001         9147 
           L8N-HN    122.532      8.775      -103304 
           E9N-HN    119.723      8.216       674974 
          R10N-HN    118.369      8.403        25144 
          N11N-HN    120.628      8.654       806773 
          I12N-HN    121.091      8.545      2051796 
          E13N-HN    120.486      8.694      1068154 
          T14N-HN    114.720      8.128       -10699 
          I15N-HN    126.215      8.047      3495877 
          I16N-HN    121.518      8.144      2269052 
          N17N-HN    118.982      8.705       207148 
          T18N-HN    119.903      8.695        86585 
          F19N-HN    122.333      8.515      3059108 
          H20N-HN    117.013      8.090       838411 
          Q21N-HN    120.903      8.059      2941452 
          Y22N-HN    113.855      7.120       156287 
          S23N-HN    115.050      8.629       135178 
          V24N-HN    117.398      7.210       236148 
          L26N-HN    118.285      9.851        78381 
          D30N-HN    121.113     10.414       -55046 
          T31N-HN    106.760      7.409        89381 
          L32N-HN    125.161      9.402       116016 
          N33N-HN    125.032     10.106       -89729 
          Q34N-HN    118.127      8.843       -73711 
          G35N-HN    107.335      8.159        16165 
          E36N-HN    123.360      8.398      -270723 
          F37N-HN    118.444      8.790       183656 
          K38N-HN    116.909      8.475       356032 
          E39N-HN    119.560      7.536      1513664 
          L40N-HN    122.005      7.373      2028577 
          V41N-HN    118.559      8.028      2605429 
          R42N-HN    117.737      7.841      2113272 
          K43N-HN    116.840      7.946         -910 
          D44N-HN    117.059      8.430        48238 
          L45N-HN    122.945      7.269      1697084 
          Q46N-HN    117.423      8.493       -16804 
          N47N-HN    117.488      9.949      -164968 
          F48N-HN    122.234      9.227      -160127 
          L49N-HN    118.998      7.592      -116059 
          K50N-HN    121.224      6.857        21921 
          K51N-HN    119.219      8.460       205003 
          E52N-HN    123.042      9.619        78308 
          N53N-HN    113.874      8.015      1850984 
          K54N-HN    116.711      7.432        16683 
          N55N-HN    118.250      7.734       -17386 
          K57N-HN    117.467      8.058      -263484 
          V58N-HN    121.344      7.591       110103 
          I59N-HN    119.734      7.403       115253 
          E60N-HN    119.296      8.061       124223 
          H61N-HN    120.287      7.965       -72714 
          I62N-HN    121.971      8.254        44368 
          M63N-HN    118.970      7.884       -13409 
          E64N-HN    116.777      7.825      -203962 
          D65N-HN    119.681      7.913       139166 
          L66N-HN    117.473      7.676      1019072 
          D67N-HN    120.115      7.534        43076 
          T68N-HN    121.577      8.356        -8057 
          N69N-HN    116.556      7.753       -56514 
          A70N-HN    121.267      7.825       194012 
          D71N-HN    118.543      8.204        -5324 
          K72N-HN    117.625     10.309       116355 
          Q73N-HN    114.437      7.770        88232 
          L74N-HN    123.911     10.197        89515 
          S75N-HN    120.879      9.070      1134098 
          F76N-HN    124.932      9.568      -164161 
          E77N-HN    116.450      8.981       140320 
          E78N-HN    117.120      7.169      2774764 
          F79N-HN    119.660      8.616      2082949 
          M81N-HN    116.628      6.629      2365984 
          L82N-HN    124.256      8.384      2885510 
          M83N-HN    112.987      7.746      2749028 
          A84N-HN    117.715      7.254       466980 
          R85N-HN    116.543      7.478       145892 
          L86N-HN    118.690      7.142      -108884 
          T87N-HN    112.361      7.609       100009 
           W88N-H    122.986      7.558       203214 
          A89N-HN    123.955      7.890        21171 
          S90N-HN    114.543      8.071      -142711 
          K93N-HN    122.046      8.121      -123690 
          M94N-HN    121.483      8.215       139639 
          E96N-HN    123.232      8.310        34298 
          G97N-HN    110.691      8.375       -49686 
          D98N-HN    121.156      8.138      -109753 
          E99N-HN    121.370      8.416        66548 
         G100N-HN    110.251      8.229       159653 
         G102N-HN    110.150      8.434        59037 
         H103N-HN    119.147      8.001        88261 
         G108N-HN    110.344      8.484        56094 
         L109N-HN    122.431      8.131        -3063 
         G110N-HN    110.797      8.483        19492 
         E111N-HN    121.014      8.183        57689 
         G112N-HN    110.514      8.421        26310 
         T113N-HN    116.886      7.994       187717 
